measurement_ms	latitude	longitude	gps_error_meter	accel_x_transverse	accel_y_longitudinal	accel_z_vertical	speed
1425603700263	37.506933	139.930950	6	0.155	0.095	9.554	5.100
1425603700363	37.506932	139.930955	6	0.045	-0.376	9.512	5.051
1425603700464	37.506931	139.930960	6	0.015	-0.750	9.511	5.003
1425603700560	37.506929	139.930963	8	0.031	-0.984	9.562	4.901
1425603700660	37.506927	139.930967	8	0.013	-1.154	9.654	4.793
1425603700761	37.506925	139.930970	8	-0.005	-1.251	9.694	4.686
1425603700862	37.506923	139.930974	8	-0.077	-1.337	9.604	4.582
1425603700963	37.506921	139.930977	8	-0.186	-1.338	9.287	4.479
1425603701063	37.506919	139.930980	8	-0.263	-1.339	9.310	4.380
1425603701164	37.506917	139.930984	8	-0.337	-1.296	9.225	4.282
1425603701260	37.506915	139.930987	8	-0.428	-1.326	9.445	4.192
1425603701360	37.506913	139.930990	8	-0.439	-1.396	9.632	4.099
1425603701461	37.506911	139.930993	8	-0.298	-1.554	9.817	4.008
1425603701562	37.506911	139.930996	8	-0.154	-1.442	9.437	3.896
1425603701663	37.506911	139.931000	8	-0.204	-1.371	9.053	3.785
1425603701763	37.506912	139.931003	8	-0.289	-1.367	9.185	3.677
1425603701864	37.506912	139.931006	8	-0.353	-1.440	9.485	3.572
1425603701960	37.506912	139.931009	8	-0.367	-1.449	9.641	3.474
1425603702060	37.506912	139.931012	8	-0.407	-1.397	9.545	3.375
1425603702161	37.506912	139.931015	8	-0.406	-1.284	9.422	3.278
1425603702262	37.506913	139.931018	8	-0.371	-1.150	9.379	3.184
1425603702362	37.506913	139.931021	8	-0.330	-1.088	9.425	3.094
1425603702463	37.506913	139.931024	8	-0.249	-1.085	9.532	3.006
1425603702564	37.506912	139.931024	9	-0.218	-1.111	9.507	2.816
1425603702660	37.506911	139.931024	9	-0.175	-1.082	9.435	2.638
1425603702760	37.506910	139.931025	9	-0.132	-1.020	9.459	2.462
1425603702861	37.506909	139.931025	9	-0.150	-0.932	9.508	2.294
1425603702962	37.506908	139.931025	9	-0.147	-0.771	9.497	2.137
1425603703062	37.506908	139.931025	9	-0.139	-0.620	9.441	1.991
1425603703163	37.506907	139.931026	9	-0.105	-0.491	9.390	1.854
1425603703264	37.506906	139.931026	9	-0.057	-0.440	9.350	1.727
1425603703364	37.506906	139.931026	9	0.026	-0.407	9.418	1.612
1425603703460	37.506905	139.931026	9	0.135	-0.270	9.598	1.510
1425603703561	37.506905	139.931027	9	0.216	-0.104	9.610	1.446
1425603703662	37.506905	139.931029	9	0.271	0.032	9.440	1.388
1425603703762	37.506906	139.931030	9	0.300	0.156	9.302	1.333
1425603703863	37.506906	139.931032	9	0.346	0.250	9.381	1.280
1425603703964	37.506906	139.931033	9	0.388	0.371	9.513	1.228
1425603704064	37.506906	139.931034	9	0.448	0.530	9.515	1.179
1425603704160	37.506906	139.931036	9	0.534	0.729	9.490	1.134
1425603724256	37.507347	139.931465	8	0.662	1.006	9.503	4.195
1425603724261	37.507347	139.931465	8	0.673	1.012	9.506	4.191
1425603724362	37.507347	139.931469	8	0.864	0.350	9.470	4.097
1425603724463	37.507348	139.931473	8	0.971	-0.235	9.330	4.006
1425603724564	37.507350	139.931476	7	0.974	-0.565	9.644	4.000
1425603724664	37.507353	139.931479	7	0.967	-0.699	9.785	4.000
1425603724760	37.507356	139.931482	7	1.008	-0.805	9.584	4.000
1425603724861	37.507358	139.931485	7	1.126	-0.792	9.246	4.000
1425603724961	37.507361	139.931488	7	1.292	-0.813	9.100	4.000
1425603725062	37.507363	139.931491	7	1.339	-0.927	9.336	4.000
1425603725163	37.507366	139.931494	7	1.418	-1.059	9.899	4.000
1425603725263	37.507369	139.931498	7	1.547	-1.184	10.077	4.000
1425603725364	37.507371	139.931501	7	1.498	-1.119	9.696	4.000
1425603725460	37.507374	139.931504	7	1.423	-0.853	9.389	4.000
1425603725561	37.507374	139.931508	7	1.232	-0.690	9.264	3.952
1425603725661	37.507374	139.931512	7	0.961	-0.539	9.129	3.899
1425603725762	37.507374	139.931517	7	0.654	-0.437	8.843	3.847
1425603725863	37.507374	139.931521	7	0.536	-0.367	9.051	3.796
1425603725963	37.507374	139.931525	7	0.673	-0.415	9.388	3.745
1425603726064	37.507374	139.931529	7	0.909	-0.586	9.780	3.695
1425603726160	37.507374	139.931533	7	1.164	-0.677	9.731	3.648
1425603726260	37.507374	139.931537	7	1.315	-0.700	9.272	3.599
1425603726361	37.507374	139.931541	7	1.330	-0.664	9.255	3.551
1425603726462	37.507374	139.931545	7	1.203	-0.596	9.412	3.504
1425603726563	37.507373	139.931550	8	1.009	-0.469	9.350	3.564
1425603726663	37.507372	139.931556	8	0.852	-0.403	9.227	3.633
1425603726764	37.507371	139.931561	8	0.729	-0.371	9.274	3.705
1425603726860	37.507370	139.931567	8	0.634	-0.382	9.467	3.775
1425603726965	37.507369	139.931573	8	0.687	-0.517	9.885	3.853
1425603727061	37.507368	139.931579	8	0.752	-0.556	9.752	3.926
1425603727160	37.507367	139.931585	8	0.737	-0.460	9.343	4.002
1425603727262	37.507365	139.931592	8	0.625	-0.342	9.270	4.082
1425603727361	37.507364	139.931598	8	0.441	-0.214	9.470	4.161
1425603727464	37.507363	139.931605	8	0.226	-0.090	9.376	4.245
1425603727560	37.507361	139.931609	9	0.086	-0.005	9.335	4.227
1425603727660	37.507360	139.931614	9	0.009	0.022	9.486	4.201
1425603727761	37.507358	139.931618	9	0.019	0.022	9.637	4.176
1425603727862	37.507356	139.931623	9	0.007	0.019	9.556	4.150
1425603727962	37.507355	139.931627	9	0.045	0.064	9.214	4.125
1425603728063	37.507353	139.931632	9	0.124	0.035	9.248	4.100
1425603728164	37.507351	139.931637	9	0.207	0.017	9.357	4.075
1425603728260	37.507349	139.931641	9	0.257	-0.089	9.682	4.051
1425603728360	37.507348	139.931645	9	0.292	-0.146	9.891	4.027
1425603728461	37.507346	139.931650	9	0.302	-0.131	9.743	4.002
1425603728562	37.507344	139.931653	9	0.281	-0.061	9.539	3.951
1425603728662	37.507343	139.931657	9	0.227	0.003	9.309	3.899
1425603728763	37.507341	139.931660	9	0.195	0.025	9.356	3.847
1425603728864	37.507339	139.931664	9	0.164	0.065	9.332	3.795
1425603728964	37.507337	139.931667	9	0.213	0.080	9.257	3.745
1425603729060	37.507336	139.931670	9	0.326	0.087	9.289	3.697
1425603729161	37.507334	139.931673	9	0.402	0.087	9.306	3.647
1425603731256	37.507288	139.931733	10	0.406	0.040	9.455	2.750
1425603731261	37.507288	139.931733	10	0.403	0.030	9.463	2.750
1425603731361	37.507284	139.931735	10	0.226	-0.164	9.401	2.750
1425603731462	37.507279	139.931738	10	0.059	-0.284	9.238	2.750
1425603731563	37.507278	139.931740	10	-0.075	-0.368	9.287	2.670
1425603731663	37.507278	139.931743	10	-0.176	-0.418	9.443	2.587
1425603731764	37.507277	139.931745	10	-0.214	-0.457	9.482	2.505
1425603731860	37.507277	139.931747	10	-0.248	-0.426	9.386	2.429
1425603731961	37.507276	139.931749	10	-0.177	-0.291	9.381	2.352
1425603732061	37.507276	139.931751	10	-0.057	-0.107	9.197	2.278
1425603732162	37.507275	139.931753	10	0.069	0.003	8.952	2.206
1425603732263	37.507275	139.931755	10	0.187	-0.156	9.489	2.136
1425603732363	37.507274	139.931757	10	0.253	-0.252	10.058	2.069
1425603732464	37.507274	139.931759	10	0.241	-0.189	9.826	2.004
1425603732560	37.507273	139.931761	6	0.199	-0.038	9.316	1.976
1425603732661	37.507272	139.931763	6	0.151	0.077	8.959	1.950
1425603732761	37.507271	139.931766	6	0.107	0.091	9.000	1.924
1425603732862	37.507270	139.931768	6	0.081	0.011	9.392	1.898
1425603732963	37.507269	139.931770	6	0.107	-0.095	9.724	1.873
1425603733063	37.507269	139.931772	6	0.127	-0.116	9.687	1.848
1425603733164	37.507268	139.931775	6	0.131	-0.125	9.401	1.823
1425603733260	37.507267	139.931777	6	0.149	-0.205	9.251	1.800
1425603733360	37.507266	139.931779	6	0.211	-0.262	9.346	1.776
1425603733461	37.507265	139.931781	6	0.253	-0.332	9.477	1.752
1425603733562	37.507264	139.931782	6	0.258	-0.242	9.649	1.697
1425603733662	37.507263	139.931782	6	0.156	-0.053	9.678	1.641
1425603733763	37.507262	139.931783	6	0.059	0.076	9.433	1.586
1425603733864	37.507261	139.931784	6	0.049	0.131	9.176	1.533
1425603733960	37.507260	139.931784	6	0.111	0.107	9.261	1.484
1425603734060	37.507259	139.931785	6	0.204	0.030	9.543	1.435
1425603734161	37.507258	139.931785	6	0.287	0.016	9.569	1.387
1425603734262	37.507258	139.931786	6	0.272	0.062	9.415	1.340
1425603734362	37.507257	139.931786	6	0.191	0.090	9.336	1.296
1425603734463	37.507256	139.931787	6	0.119	0.092	9.367	1.253
1425603734564	37.507256	139.931788	6	0.100	0.065	9.440	1.224
1425603734664	37.507255	139.931789	6	0.134	0.034	9.478	1.197
1425603734760	37.507255	139.931790	6	0.166	-0.009	9.397	1.172
1425603734861	37.507255	139.931791	6	0.159	-0.059	9.331	1.146
1425603734962	37.507254	139.931792	6	0.080	-0.157	9.352	1.120
1425603735062	37.507254	139.931793	6	-0.035	-0.317	9.420	1.095
1425603735163	37.507254	139.931793	6	-0.077	-0.456	9.482	1.071
1425603735264	37.507254	139.931794	6	-0.111	-0.558	9.532	1.047
1425603735364	37.507253	139.931795	6	-0.100	-0.606	9.540	1.024
1425603735460	37.507253	139.931796	6	-0.024	-0.448	9.599	1.002
1425603735561	37.507254	139.931795	4	0.063	-0.184	9.596	0.826
1425603735662	37.507255	139.931794	4	0.108	0.009	9.405	0.653
1425603735762	37.507255	139.931794	4	0.112	0.112	9.285	0.501
1425603735863	37.507256	139.931793	4	0.144	0.141	9.371	0.368
1425603735964	37.507257	139.931792	4	0.158	0.127	9.537	0.256
1425603736064	37.507257	139.931792	4	0.198	0.125	9.577	0.165
1425603736160	37.507258	139.931791	4	0.231	0.217	9.511	0.096
1425603818257	37.507002	139.932825	6	0.263	0.352	9.453	8.053
1425603818262	37.507002	139.932826	6	0.262	0.352	9.451	8.051
1425603818363	37.507001	139.932835	6	0.206	0.201	9.392	8.026
1425603818464	37.507000	139.932844	6	0.166	0.023	9.440	8.001
1425603818564	37.506998	139.932854	7	0.151	-0.069	9.572	7.926
1425603818660	37.506996	139.932862	7	0.162	-0.090	9.624	7.852
1425603818761	37.506994	139.932872	7	0.179	-0.056	9.375	7.774
1425603818861	37.506992	139.932880	7	0.142	-0.058	9.260	7.698
1425603818962	37.506990	139.932889	7	0.121	-0.071	9.385	7.622
1425603819063	37.506989	139.932898	7	0.111	-0.093	9.448	7.546
1425603819164	37.506987	139.932907	7	0.111	-0.105	9.405	7.472
1425603830257	37.506741	139.933883	11	0.125	-0.099	9.365	8.196
1425603830262	37.506741	139.933884	11	0.125	-0.105	9.370	8.197
1425603830362	37.506741	139.933897	11	-0.044	-0.561	9.448	8.223
1425603830463	37.506741	139.933910	11	-0.220	-0.921	9.446	8.248
1425603830564	37.506738	139.933916	11	-0.318	-1.116	9.367	8.151
1425603830664	37.506734	139.933922	11	-0.343	-1.245	9.387	8.046
1425603830760	37.506731	139.933927	11	-0.365	-1.340	9.398	7.947
1425603830861	37.506727	139.933933	11	-0.325	-1.280	9.452	7.844
1425603830962	37.506724	139.933938	11	-0.262	-1.065	9.786	7.742
1425603831062	37.506720	139.933944	11	-0.120	-0.842	9.816	7.642
1425603831163	37.506717	139.933949	11	0.009	-0.612	9.488	7.543
1425603831264	37.506714	139.933954	11	0.069	-0.410	9.006	7.445
1425603831364	37.506710	139.933960	11	0.083	-0.323	9.001	7.350
1425603831460	37.506707	139.933964	11	0.094	-0.354	9.393	7.259
1425603831561	37.506705	139.933970	8	0.102	-0.357	9.478	7.042
1425603831661	37.506704	139.933976	8	0.107	-0.313	9.393	6.819
1425603831762	37.506702	139.933981	8	0.058	-0.315	9.292	6.600
1425603831863	37.506700	139.933986	8	0.030	-0.340	9.311	6.388
1425603831964	37.506698	139.933991	8	0.045	-0.352	9.406	6.182
1425603832064	37.506697	139.933996	8	0.060	-0.364	9.592	5.985
1425603832160	37.506695	139.934000	8	0.060	-0.370	9.631	5.802
1425603832261	37.506694	139.934005	8	0.087	-0.368	9.432	5.615
1425603832361	37.506692	139.934009	8	0.109	-0.377	9.209	5.437
1425603832462	37.506691	139.934014	8	0.162	-0.393	9.381	5.263
1425603832563	37.506690	139.934019	6	0.270	-0.446	9.605	5.175
1425603832664	37.506688	139.934024	6	0.352	-0.502	9.465	5.095
1425603832764	37.506686	139.934029	6	0.459	-0.506	9.298	5.018
1425603832860	37.506685	139.934033	6	0.553	-0.528	9.328	4.944
1425603832961	37.506683	139.934038	6	0.690	-0.554	9.333	4.867
1425603833061	37.506682	139.934043	6	0.836	-0.607	9.273	4.793
1425603833162	37.506680	139.934047	6	0.966	-0.660	9.367	4.719
1425603833263	37.506679	139.934052	6	1.045	-0.711	9.524	4.646
1425603833363	37.506677	139.934056	6	1.191	-0.655	9.487	4.575
1425603833464	37.506676	139.934061	6	1.275	-0.626	9.395	4.504
1425603833560	37.506672	139.934064	14	1.370	-0.587	9.304	4.371
1425603833661	37.506668	139.934066	14	1.419	-0.577	9.156	4.230
1425603833761	37.506665	139.934069	14	1.454	-0.640	9.203	4.095
1425603833862	37.506661	139.934072	14	1.466	-0.727	9.420	3.962
1425603833963	37.506657	139.934074	14	1.528	-0.784	9.565	3.833
1425603834063	37.506654	139.934077	14	1.587	-0.850	9.496	3.710
1425603834164	37.506651	139.934079	14	1.652	-0.873	9.312	3.590
1425603834260	37.506647	139.934081	14	1.650	-0.902	9.287	3.479
1425603834360	37.506644	139.934084	14	1.626	-0.943	9.368	3.368
1425603834461	37.506641	139.934086	14	1.567	-0.979	9.480	3.259
1425603834562	37.506637	139.934088	14	1.501	-0.928	9.505	3.226
1425603834663	37.506634	139.934089	14	1.413	-0.812	9.336	3.200
1425603834763	37.506630	139.934091	14	1.317	-0.642	9.048	3.175
1425603834864	37.506626	139.934093	14	1.241	-0.468	9.046	3.149
1425603834960	37.506622	139.934094	14	1.201	-0.472	9.362	3.125
1425603835060	37.506619	139.934096	14	1.258	-0.476	9.546	3.100
1425603835161	37.506615	139.934098	14	1.337	-0.516	9.347	3.075
1425603835262	37.506611	139.934100	14	1.336	-0.635	9.246	3.050
1425603835362	37.506608	139.934101	14	1.269	-0.682	9.321	3.026
1425603835463	37.506604	139.934103	14	1.182	-0.609	9.632	3.002
1425603835564	37.506602	139.934104	14	1.091	-0.721	9.636	2.949
1425603835660	37.506600	139.934104	14	0.992	-0.543	9.593	2.898
1425603835760	37.506598	139.934105	14	0.935	-0.326	9.497	2.846
1425603835861	37.506596	139.934106	14	0.861	-0.231	9.305	2.794
1425603835962	37.506594	139.934107	14	0.762	-0.189	9.492	2.743
1425603836062	37.506592	139.934107	14	0.777	-0.033	9.391	2.693
1425603836163	37.506590	139.934108	14	0.819	0.076	8.857	2.644
1425603845257	37.506105	139.934007	16	0.728	0.109	9.251	5.287
1425603845262	37.506105	139.934007	16	0.722	0.109	9.287	5.280
1425603845363	37.506105	139.934004	16	0.495	-0.095	9.621	5.142
1425603845463	37.506105	139.934002	16	0.392	-0.193	9.724	5.009
1425603845564	37.506104	139.934000	16	0.392	-0.244	9.617	4.951
1425603845660	37.506102	139.933999	16	0.360	-0.209	9.239	4.901
1425603845761	37.506100	139.933997	16	0.350	-0.209	9.305	4.849
1425603845861	37.506099	139.933996	16	0.356	-0.228	9.461	4.798
1425603845962	37.506097	139.933994	16	0.294	-0.228	9.502	4.747
1425603846063	37.506096	139.933992	16	0.271	-0.258	9.732	4.697
1425603846163	37.506094	139.933991	16	0.240	-0.189	9.406	4.648
1425603846264	37.506093	139.933989	16	0.197	-0.109	9.124	4.599
1425603846360	37.506092	139.933988	16	0.270	-0.152	9.308	4.552
1425603846460	37.506090	139.933986	16	0.285	-0.198	9.498	4.505
1425603846561	37.506086	139.933984	15	0.240	-0.137	9.291	4.500
1425603846662	37.506082	139.933983	15	0.185	-0.138	9.310	4.500
1425603846763	37.506078	139.933981	15	0.241	-0.149	9.466	4.500
1425603846863	37.506074	139.933979	15	0.294	-0.158	9.452	4.500
1425603846964	37.506070	139.933977	15	0.380	-0.156	9.244	4.500
1425603847060	37.506066	139.933975	15	0.357	-0.108	9.237	4.500
1425603847160	37.506062	139.933974	15	0.254	-0.112	9.513	4.500
1425603854260	37.505745	139.933957	12	0.184	-0.088	9.510	5.000
1425603854361	37.505741	139.933957	12	0.280	-0.229	9.950	5.000
1425603854462	37.505737	139.933957	12	0.328	-0.406	10.447	5.000
1425603854562	37.505734	139.933956	11	0.329	-0.315	9.810	4.976
1425603854663	37.505730	139.933954	11	0.312	-0.166	9.128	4.951
1425603854764	37.505727	139.933953	11	0.269	-0.024	8.861	4.925
1425603854865	37.505723	139.933951	11	0.171	0.050	8.950	4.900
1425603854960	37.505720	139.933950	11	0.121	0.055	9.238	4.876
1425603855066	37.505716	139.933949	11	0.087	0.015	9.480	4.849
1425603855162	37.505713	139.933947	11	0.105	-0.014	9.459	4.826
1425603855261	37.505709	139.933946	11	0.315	0.006	9.193	4.801
1425603855363	37.505706	139.933944	11	0.529	-0.048	9.012	4.776
1425603855462	37.505702	139.933943	11	0.642	-0.251	9.256	4.752
1425603855564	37.505698	139.933942	11	0.533	-0.418	9.726	4.674
1425603855660	37.505694	139.933940	11	0.296	-0.491	9.799	4.598
1425603855761	37.505691	139.933939	11	-0.012	-0.448	9.488	4.518
1425603855862	37.505687	139.933937	11	-0.226	-0.373	9.175	4.441
1425603855962	37.505683	139.933936	11	-0.316	-0.397	9.161	4.365
1425603856063	37.505679	139.933934	11	-0.261	-0.483	9.357	4.290
1425603856164	37.505676	139.933933	11	-0.163	-0.570	9.501	4.216
1425603856264	37.505672	139.933932	11	-0.069	-0.621	9.519	4.144
1425603856360	37.505669	139.933930	11	0.012	-0.649	9.427	4.076
1425603856461	37.505665	139.933929	11	0.068	-0.687	9.410	4.006
1425603856562	37.505662	139.933928	10	0.106	-0.765	9.566	3.925
1425603856662	37.505659	139.933927	10	0.147	-0.699	9.568	3.844
1425603856763	37.505656	139.933925	10	0.139	-0.670	9.413	3.764
1425603856864	37.505653	139.933924	10	0.017	-0.643	9.379	3.686
1425603856964	37.505650	139.933923	10	-0.074	-0.588	9.423	3.610
1425603857060	37.505647	139.933922	10	-0.083	-0.532	9.364	3.539
1425603857161	37.505644	139.933920	10	0.012	-0.550	9.330	3.465
1425603857261	37.505642	139.933919	10	0.113	-0.604	9.372	3.394
1425603857362	37.505639	139.933918	10	0.162	-0.653	9.505	3.324
1425603857463	37.505636	139.933917	10	0.155	-0.647	9.456	3.255
1425603857564	37.505634	139.933917	10	0.162	-0.622	9.417	3.171
1425603857664	37.505631	139.933917	10	0.077	-0.601	9.408	3.089
1425603857760	37.505629	139.933917	10	-0.002	-0.571	9.379	3.012
1425603857861	37.505626	139.933917	10	-0.022	-0.548	9.338	2.933
1425603857961	37.505624	139.933918	10	0.014	-0.562	9.410	2.857
1425603858062	37.505622	139.933918	10	0.043	-0.589	9.451	2.782
1425603858163	37.505619	139.933918	10	0.067	-0.610	9.333	2.709
1425603858263	37.505617	139.933918	10	0.062	-0.614	9.295	2.639
1425603858364	37.505615	139.933918	10	0.050	-0.635	9.398	2.570
1425603858460	37.505613	139.933918	10	0.037	-0.648	9.451	2.507
1425603858561	37.505612	139.933918	11	0.023	-0.644	9.446	2.421
1425603858661	37.505610	139.933919	11	0.018	-0.630	9.429	2.336
1425603858762	37.505609	139.933919	11	0.003	-0.625	9.427	2.254
1425603858863	37.505608	139.933919	11	-0.006	-0.627	9.437	2.174
1425603858963	37.505607	139.933920	11	-0.037	-0.622	9.407	2.097
1425603859064	37.505605	139.933920	11	-0.061	-0.639	9.422	2.023
1425603859160	37.505604	139.933920	11	-0.070	-0.653	9.464	1.954
1425603859261	37.505603	139.933920	11	-0.052	-0.696	9.528	1.885
1425603859361	37.505602	139.933921	11	-0.019	-0.698	9.499	1.819
1425603859462	37.505601	139.933921	11	-0.004	-0.703	9.433	1.755
1425603859563	37.505601	139.933921	11	-0.017	-0.687	9.395	1.575
1425603859663	37.505601	139.933922	11	-0.056	-0.701	9.431	1.401
1425603859764	37.505601	139.933922	11	-0.072	-0.703	9.423	1.238
1425603859860	37.505602	139.933922	11	-0.078	-0.724	9.391	1.097
1425603859960	37.505602	139.933922	11	-0.054	-0.746	9.398	0.964
1425603860061	37.505602	139.933922	11	-0.050	-0.765	9.387	0.843
1425603860162	37.505602	139.933923	11	-0.042	-0.764	9.383	0.737
1425603860263	37.505602	139.933923	11	0.009	-0.650	9.456	0.645
1425603860363	37.505602	139.933923	11	0.070	-0.455	9.485	0.567
1425603860464	37.505602	139.933923	11	0.114	-0.267	9.381	0.503
1425603860560	37.505602	139.933924	10	0.117	-0.167	9.271	0.414
1425603860660	37.505602	139.933925	10	0.143	-0.119	9.270	0.328
1425603860761	37.505601	139.933925	10	0.158	-0.137	9.368	0.251
1425603860862	37.505601	139.933926	10	0.178	-0.170	9.456	0.185
1425603860962	37.505601	139.933927	10	0.170	-0.200	9.395	0.129
1425603861063	37.505601	139.933927	10	0.152	-0.214	9.337	0.083
1425603861164	37.505601	139.933928	10	0.181	-0.111	9.425	0.047
1425603861260	37.505601	139.933928	10	0.242	0.058	9.523	0.022
1425603861360	37.505601	139.933928	10	0.303	0.207	9.430	0.006
1425603925259	37.503815	139.935475	8	0.292	0.227	9.442	8.403
1425603937259	37.502932	139.936231	9	0.289	0.212	9.450	9.552
1425603937264	37.502932	139.936231	9	0.287	0.192	9.454	9.551
1425603937365	37.502925	139.936238	9	0.155	-0.111	9.294	9.526
1425603937460	37.502919	139.936245	9	0.031	-0.323	9.298	9.502
1425603937561	37.502912	139.936252	10	-0.075	-0.499	9.578	9.453
1425603937662	37.502905	139.936259	10	-0.233	-0.538	9.577	9.402
1425603937762	37.502899	139.936266	10	-0.369	-0.570	9.548	9.351
1425603937863	37.502892	139.936273	10	-0.413	-0.568	9.396	9.300
1425603937964	37.502886	139.936280	10	-0.369	-0.597	9.142	9.250
1425603938064	37.502880	139.936287	10	-0.355	-0.705	9.262	9.200
1425603938160	37.502873	139.936293	10	-0.239	-0.831	9.338	9.152
1425603938261	37.502867	139.936300	10	-0.211	-0.984	9.646	9.102
1425603938362	37.502861	139.936307	10	-0.048	-1.039	9.320	9.053
1425603938462	37.502854	139.936313	10	-0.018	-1.100	9.401	9.004
1425603938563	37.502851	139.936319	14	-0.030	-1.140	9.525	8.876
1425603938664	37.502848	139.936324	14	-0.117	-1.168	9.511	8.743
1425603938764	37.502845	139.936329	14	-0.202	-1.115	9.288	8.613
1425603938860	37.502842	139.936333	14	-0.237	-1.109	9.233	8.490
1425603938961	37.502839	139.936338	14	-0.271	-1.153	9.634	8.363
1425603939062	37.502836	139.936343	14	-0.293	-1.173	9.699	8.237
1425603939162	37.502833	139.936347	14	-0.301	-1.075	9.343	8.115
1425603939263	37.502831	139.936352	14	-0.315	-1.068	9.169	7.993
1425603939364	37.502828	139.936356	14	-0.345	-1.103	9.341	7.874
1425603939464	37.502825	139.936361	14	-0.389	-1.087	9.562	7.757
1425603939560	37.502819	139.936364	14	-0.443	-1.055	9.432	7.679
1425603939661	37.502813	139.936368	14	-0.448	-1.030	9.425	7.601
1425603939761	37.502807	139.936372	14	-0.442	-1.048	9.454	7.524
1425603939862	37.502800	139.936376	14	-0.423	-1.016	9.189	7.447
1425603939963	37.502794	139.936379	14	-0.413	-0.972	9.298	7.371
1425603940064	37.502788	139.936383	14	-0.469	-0.981	9.555	7.295
1425603940164	37.502782	139.936386	14	-0.537	-0.980	9.739	7.221
1425603940265	37.502776	139.936390	14	-0.703	-0.912	9.829	7.148
1425603940361	37.502770	139.936393	14	-0.759	-0.724	9.534	7.078
1425603940460	37.502765	139.936397	14	-0.705	-0.446	9.168	7.007
1425603940562	37.502757	139.936399	14	-0.644	-0.257	9.111	6.847
1425603940661	37.502749	139.936401	14	-0.663	-0.169	9.514	6.686
1425603940763	37.502741	139.936403	14	-0.770	-0.079	9.591	6.523
1425603940862	37.502734	139.936405	14	-0.988	0.073	9.319	6.369
1425603940960	37.502727	139.936407	14	-1.214	0.190	9.092	6.220
1425603941061	37.502719	139.936409	14	-1.430	0.268	9.106	6.070
1425603941161	37.502712	139.936411	14	-1.701	0.297	9.116	5.925
1425603941262	37.502706	139.936412	14	-1.992	0.428	8.904	5.782
1425603941363	37.502699	139.936414	14	-1.995	0.291	9.707	5.643
1425603941463	37.502692	139.936416	14	-1.764	0.107	10.536	5.509
1425603941564	37.502692	139.936421	14	-1.651	0.063	10.147	5.274
1425603941660	37.502693	139.936426	14	-1.607	0.133	9.394	5.052
1425603941760	37.502693	139.936430	14	-1.514	0.243	9.038	4.828
1425603941861	37.502694	139.936435	14	-1.461	0.300	9.049	4.612
1425603941962	37.502694	139.936440	14	-1.517	0.301	9.203	4.405
1425603942063	37.502695	139.936444	14	-1.700	0.301	9.570	4.207
1425603942163	37.502695	139.936448	14	-1.872	0.480	9.846	4.019
1425603942264	37.502695	139.936452	14	-2.051	0.691	9.554	3.839
1425603942360	37.502696	139.936455	14	-2.164	0.825	9.280	3.676
1425603942460	37.502696	139.936459	14	-2.094	0.779	9.047	3.516
1425603942561	37.502697	139.936462	10	-1.629	0.673	8.658	3.500
1425603942662	37.502697	139.936465	10	-1.220	0.626	8.783	3.500
1425603942762	37.502698	139.936469	10	-1.220	0.546	9.611	3.500
1425603942863	37.502699	139.936472	10	-1.522	0.463	10.621	3.500
1425603942964	37.502699	139.936475	10	-1.696	0.683	10.345	3.500
1425603943060	37.502700	139.936478	10	-1.649	0.992	9.196	3.500
1425603943160	37.502701	139.936482	10	-1.460	1.123	8.301	3.500
1425603956257	37.502770	139.937530	7	-1.207	1.101	8.336	7.303
1425603956262	37.502770	139.937531	7	-1.192	1.085	8.362	7.301
1425603956363	37.502769	139.937539	7	-0.692	0.257	8.912	7.276
1425603956464	37.502769	139.937547	7	-0.389	-0.321	8.820	7.251
1425603956560	37.502769	139.937554	5	-0.270	-0.584	8.672	7.128
1425603956660	37.502770	139.937561	5	-0.153	-0.804	8.834	6.994
1425603956761	37.502771	139.937568	5	-0.126	-1.032	9.333	6.862
1425603956862	37.502771	139.937575	5	-0.048	-1.223	9.734	6.732
1425603956962	37.502772	139.937582	5	-0.028	-1.242	9.556	6.606
1425603957063	37.502772	139.937589	5	-0.042	-1.175	9.065	6.480
1425603957164	37.502773	139.937595	5	-0.026	-1.169	9.169	6.357
1425603957264	37.502773	139.937601	5	-0.006	-1.225	9.559	6.238
1425603957360	37.502774	139.937607	5	0.060	-1.273	9.723	6.126
1425603957461	37.502774	139.937613	5	0.089	-1.256	9.514	6.010
1425603957562	37.502775	139.937619	6	0.071	-1.221	9.228	5.844
1425603957662	37.502775	139.937624	6	0.002	-1.197	9.266	5.679
1425603957763	37.502776	139.937629	6	-0.033	-1.201	9.430	5.516
1425603957864	37.502777	139.937635	6	-0.055	-1.238	9.529	5.358
1425603957964	37.502777	139.937639	6	-0.027	-1.235	9.543	5.205
1425603958060	37.502778	139.937644	6	0.012	-1.184	9.374	5.063
1425603958161	37.502778	139.937649	6	0.010	-1.178	9.170	4.918
1425603958262	37.502779	139.937653	6	-0.013	-1.173	9.125	4.777
1425603958362	37.502779	139.937657	6	-0.045	-1.207	9.359	4.641
1425603958463	37.502780	139.937662	6	-0.050	-1.254	9.587	4.509
1425603958564	37.502781	139.937667	7	-0.096	-1.264	9.529	4.450
1425603958664	37.502782	139.937672	7	-0.140	-1.232	9.424	4.398
1425603958760	37.502784	139.937677	7	-0.185	-1.213	9.289	4.349
1425603958861	37.502785	139.937683	7	-0.221	-1.185	9.236	4.297
1425603958961	37.502786	139.937688	7	-0.219	-1.177	9.321	4.247
1425603959062	37.502787	139.937693	7	-0.210	-1.193	9.437	4.197
1425603959163	37.502788	139.937698	7	-0.207	-1.216	9.404	4.147
1425603959264	37.502790	139.937703	7	-0.190	-1.216	9.364	4.098
1425603959364	37.502791	139.937708	7	-0.124	-1.132	9.417	4.050
1425603959460	37.502792	139.937713	7	0.011	-0.897	9.519	4.005
1425603959561	37.502792	139.937714	8	0.198	-0.582	9.537	3.835
1425603959661	37.502791	139.937714	8	0.315	-0.343	9.346	3.660
1425603959762	37.502791	139.937715	8	0.382	-0.193	9.163	3.490
1425603959863	37.502791	139.937716	8	0.435	-0.106	9.205	3.328
1425603959963	37.502790	139.937716	8	0.442	-0.067	9.413	3.174
1425603960064	37.502790	139.937717	8	0.455	-0.052	9.504	3.026
1425603960160	37.502790	139.937717	8	0.516	-0.024	9.407	2.891
1425603960261	37.502790	139.937718	8	0.634	0.132	9.401	2.756
1425603960361	37.502789	139.937718	8	0.770	0.291	9.472	2.630
1425603960462	37.502789	139.937719	8	0.967	0.522	9.540	2.509
1425603960563	37.502789	139.937719	8	1.134	0.684	9.404	2.349
1425603960663	37.502789	139.937720	8	1.253	0.852	9.239	2.194
1425603960764	37.502790	139.937720	8	1.311	0.930	9.185	2.046
1425603960860	37.502790	139.937720	8	1.349	0.982	9.294	1.913
1425603960961	37.502790	139.937721	8	1.385	1.010	9.416	1.782
1425603961061	37.502790	139.937721	8	1.431	1.008	9.382	1.661
1425603961162	37.502791	139.937721	8	1.432	0.921	9.266	1.546
1425603974259	37.502136	139.937520	6	1.447	0.750	9.279	6.750
1425603974264	37.502136	139.937520	6	1.444	0.732	9.285	6.750
1425603974360	37.502131	139.937518	6	0.980	0.435	9.369	6.750
1425603974460	37.502126	139.937516	6	0.704	0.239	9.242	6.750
1425603974561	37.502119	139.937513	5	0.407	0.149	9.294	6.794
1425603974662	37.502112	139.937511	5	0.222	0.156	9.251	6.843
1425603974763	37.502106	139.937508	5	0.121	0.194	9.087	6.893
1425603974863	37.502099	139.937505	5	0.091	0.206	8.931	6.942
1425603974964	37.502092	139.937502	5	0.025	0.212	9.030	6.993
1425603975060	37.502085	139.937499	5	-0.032	0.138	9.385	7.041
1425603975160	37.502079	139.937496	5	-0.100	0.090	9.591	7.091
1425603975261	37.502072	139.937493	5	-0.155	0.045	9.521	7.143
1425603975362	37.502065	139.937490	5	-0.131	0.064	9.323	7.194
1425603975462	37.502058	139.937487	5	-0.071	0.046	9.347	7.246
1425603975563	37.502051	139.937484	5	0.018	0.016	9.521	7.250
1425603975664	37.502045	139.937481	5	0.054	0.016	9.361	7.250
1425603975760	37.502039	139.937478	5	0.105	0.027	9.056	7.250
1425603975860	37.502032	139.937475	5	0.112	-0.019	9.409	7.250
1425603975961	37.502026	139.937471	5	0.049	-0.041	9.668	7.250
1425603976062	37.502020	139.937468	5	-0.047	-0.095	9.671	7.250
1425603976162	37.502013	139.937465	5	-0.073	-0.065	9.325	7.250
1425603976263	37.502007	139.937462	5	-0.167	-0.128	9.310	7.250
1425603976364	37.502001	139.937458	5	-0.254	-0.110	9.470	7.250
1425603976464	37.501994	139.937455	5	-0.287	-0.105	9.469	7.250
1425603976560	37.501988	139.937453	5	-0.181	-0.055	9.188	7.250
1425603976661	37.501982	139.937450	5	-0.181	-0.026	8.982	7.250
1425603976762	37.501975	139.937447	5	-0.063	-0.132	9.687	7.250
1425603976862	37.501969	139.937445	5	-0.162	-0.267	10.128	7.250
1425603976963	37.501962	139.937442	5	-0.111	-0.266	9.611	7.250
1425603977064	37.501956	139.937440	5	-0.166	-0.207	9.428	7.250
1425603977164	37.501950	139.937437	5	-0.057	-0.079	8.944	7.250
1425603977260	37.501943	139.937434	5	-0.097	-0.090	9.394	7.250
1425603977361	37.501937	139.937432	5	-0.030	-0.113	9.635	7.250
1425603977462	37.501931	139.937429	5	-0.017	-0.168	9.554	7.250
1425603977562	37.501924	139.937426	5	0.015	-0.209	9.524	7.227
1425603977663	37.501917	139.937423	5	-0.029	-0.220	9.637	7.201
1425603977764	37.501911	139.937419	5	-0.044	-0.154	9.552	7.176
1425603977864	37.501905	139.937416	5	0.000	-0.100	9.479	7.150
1425603977960	37.501898	139.937413	5	0.065	-0.061	9.295	7.126
1425603978061	37.501892	139.937410	5	0.080	-0.016	9.111	7.101
1425603978161	37.501886	139.937407	5	0.068	-0.019	9.089	7.076
1425603978262	37.501879	139.937404	5	0.076	-0.120	9.801	7.051
1425603978363	37.501873	139.937400	5	0.087	-0.135	9.852	7.026
1425603978463	37.501866	139.937397	5	0.060	-0.072	9.436	7.002
1425603978564	37.501861	139.937394	5	0.065	-0.000	9.168	7.000
1425603978660	37.501856	139.937392	5	0.100	0.067	9.263	7.000
1425603978761	37.501850	139.937389	5	0.118	0.009	9.413	7.000
1425603978861	37.501844	139.937386	5	0.212	0.097	9.135	7.000
1425603978962	37.501839	139.937384	5	0.321	0.079	9.050	7.000
1425603979064	37.501833	139.937381	5	0.447	0.169	9.460	7.000
1425603979163	37.501828	139.937378	5	0.504	0.260	9.407	7.000
1425604012256	37.499643	139.936254	6	0.412	0.121	10.105	8.303
1425604012261	37.499643	139.936254	6	0.410	0.122	10.141	8.302
1425604012362	37.499636	139.936252	6	0.076	-0.310	9.930	8.277
1425604012463	37.499628	139.936249	6	-0.192	-0.686	9.775	8.252
1425604012563	37.499622	139.936246	4	-0.378	-0.857	9.582	8.152
1425604012664	37.499616	139.936243	4	-0.397	-1.077	9.667	8.046
1425604012760	37.499610	139.936240	4	-0.423	-1.065	9.458	7.947
1425604012860	37.499604	139.936237	4	-0.440	-1.116	9.376	7.845
1425604012961	37.499598	139.936234	4	-0.470	-1.132	9.440	7.743
1425604013062	37.499592	139.936231	4	-0.516	-1.129	9.481	7.642
1425604013162	37.499586	139.936228	4	-0.513	-1.139	9.123	7.544
1425604013263	37.499580	139.936225	4	-0.512	-1.211	9.254	7.446
1425604013364	37.499574	139.936222	4	-0.567	-1.262	9.574	7.350
1425604013460	37.499569	139.936219	4	-0.563	-1.298	9.682	7.259
1425604013560	37.499563	139.936216	5	-0.525	-1.224	9.307	7.073
1425604013661	37.499558	139.936213	5	-0.511	-1.211	9.107	6.879
1425604013762	37.499554	139.936210	5	-0.520	-1.252	9.256	6.689
1425604013862	37.499549	139.936208	5	-0.563	-1.299	9.563	6.507
1425604013963	37.499544	139.936205	5	-0.583	-1.275	9.343	6.327
1425604014064	37.499540	139.936202	5	-0.582	-1.282	9.246	6.153
1425604014160	37.499536	139.936200	5	-0.512	-1.429	9.687	5.991
1425604014260	37.499531	139.936197	5	-0.288	-1.457	9.514	5.828
1425604014361	37.499527	139.936195	5	-0.227	-1.421	9.371	5.667
1425604014462	37.499523	139.936192	5	-0.126	-1.254	9.165	5.512
1425604014562	37.499519	139.936190	5	0.052	-1.071	9.587	5.372
1425604014663	37.499515	139.936189	5	0.298	-0.819	9.557	5.234
1425604014764	37.499511	139.936187	5	0.528	-0.671	9.531	5.099
1425604014864	37.499507	139.936186	5	0.789	-0.620	9.481	4.969
1425604014960	37.499503	139.936184	5	0.904	-0.607	9.270	4.847
1425604015061	37.499499	139.936183	5	1.065	-0.622	9.052	4.723
1425604015162	37.499496	139.936181	5	1.332	-0.783	9.242	4.601
1425604015262	37.499492	139.936180	5	1.566	-0.915	9.433	4.484
1425604015363	37.499489	139.936178	5	1.541	-0.965	9.766	4.368
1425604015464	37.499485	139.936177	5	1.576	-0.974	9.532	4.257
1425604015564	37.499482	139.936174	5	1.578	-1.000	9.055	4.250
1425604015660	37.499479	139.936170	5	1.651	-1.130	9.334	4.250
1425604015761	37.499476	139.936166	5	1.720	-1.221	9.455	4.250
1425604015862	37.499473	139.936162	5	1.757	-1.244	9.257	4.250
1425604015962	37.499470	139.936159	5	1.755	-1.312	9.512	4.250
1425604016063	37.499467	139.936155	5	1.737	-1.319	9.502	4.250
1425604016164	37.499463	139.936151	5	1.606	-1.195	9.536	4.250
1425604016264	37.499460	139.936148	5	1.509	-1.074	9.453	4.250
1425604016360	37.499457	139.936144	5	1.508	-1.151	9.418	4.250
1425604016461	37.499454	139.936140	5	1.526	-0.959	9.046	4.250
1425604016561	37.499454	139.936136	5	1.514	-0.695	8.861	4.250
1425604016662	37.499453	139.936131	5	1.455	-0.795	8.878	4.250
1425604016763	37.499453	139.936126	5	1.510	-0.874	9.406	4.250
1425604016864	37.499453	139.936121	5	1.589	-0.877	9.835	4.250
1425604016964	37.499453	139.936116	5	1.582	-1.001	9.595	4.250
1425604017060	37.499452	139.936112	5	1.560	-0.972	9.316	4.250
1425604017161	37.499452	139.936107	5	1.512	-0.787	9.238	4.250
1425604017261	37.499452	139.936102	5	1.318	-0.857	9.121	4.250
1425604017362	37.499451	139.936097	5	1.225	-0.770	9.018	4.250
1425604017463	37.499451	139.936092	5	1.223	-0.727	9.472	4.250
1425604017563	37.499452	139.936086	4	1.198	-0.710	9.595	4.273
1425604017664	37.499452	139.936080	4	1.160	-0.593	9.275	4.297
1425604017760	37.499453	139.936074	4	1.092	-0.494	9.123	4.321
1425604017860	37.499453	139.936068	4	1.037	-0.528	9.192	4.346
1425604017961	37.499454	139.936062	4	1.000	-0.529	9.449	4.371
1425604018062	37.499455	139.936056	4	0.953	-0.544	9.639	4.396
1425604018163	37.499455	139.936049	4	0.852	-0.536	9.655	4.422
1425604018263	37.499456	139.936043	4	0.783	-0.420	9.432	4.447
1425604018364	37.499456	139.936037	4	0.692	-0.293	9.174	4.473
1425604018460	37.499457	139.936031	4	0.577	-0.262	9.260	4.497
1425604018560	37.499458	139.936025	4	0.544	-0.221	9.689	4.522
1425604018661	37.499459	139.936020	4	0.518	-0.184	9.793	4.547
1425604018762	37.499460	139.936015	4	0.455	-0.072	9.566	4.572
1425604018862	37.499461	139.936010	4	0.357	0.057	9.407	4.596
1425604018963	37.499462	139.936005	4	0.230	0.202	9.211	4.622
1425604019064	37.499463	139.935999	4	0.132	0.286	9.195	4.647
1425604019160	37.499465	139.935994	4	0.167	0.270	9.258	4.671
1425604019260	37.499466	139.935989	4	0.302	0.225	9.267	4.696
1425604019361	37.499467	139.935984	4	0.464	0.161	9.322	4.722
1425604019462	37.499468	139.935978	4	0.629	0.109	9.378	4.748
1425604019562	37.499470	139.935973	6	0.706	0.058	9.421	4.772
1425604019663	37.499473	139.935968	6	0.668	0.003	9.577	4.797
1425604019764	37.499475	139.935963	6	0.581	0.048	9.504	4.822
1425604019860	37.499478	139.935958	6	0.475	0.082	9.351	4.846
1425604019960	37.499480	139.935952	6	0.407	0.114	9.388	4.871
1425604020061	37.499483	139.935947	6	0.324	0.167	9.351	4.896
1425604020162	37.499485	139.935942	6	0.281	0.203	9.348	4.922
1425604020262	37.499488	139.935936	6	0.235	0.222	9.296	4.947
1425604020363	37.499490	139.935931	6	0.189	0.190	9.324	4.973
1425604020464	37.499493	139.935925	6	0.174	0.144	9.358	4.998
1425604020565	37.499495	139.935919	6	0.122	0.015	9.281	5.045
1425604020660	37.499496	139.935912	6	0.032	-0.144	9.044	5.091
1425604020761	37.499498	139.935905	6	0.058	-0.096	9.278	5.141
1425604020862	37.499500	139.935898	6	0.090	-0.063	9.673	5.190
1425604020963	37.499502	139.935891	6	0.039	-0.117	9.539	5.241
1425604021063	37.499503	139.935884	6	0.000	-0.169	9.281	5.291
1425604021164	37.499505	139.935877	6	0.044	-0.087	9.377	5.342
1425604021264	37.499507	139.935870	6	0.058	-0.063	9.424	5.393
1425604021360	37.499509	139.935863	6	0.021	-0.106	9.436	5.443
1425604021461	37.499511	139.935856	6	-0.030	-0.113	9.559	5.495
1425604021561	37.499512	139.935849	6	-0.021	-0.063	9.487	5.500
1425604021662	37.499514	139.935842	6	0.024	0.006	9.160	5.500
1425604021763	37.499515	139.935836	6	0.018	0.018	9.016	5.500
1425604021864	37.499517	139.935829	6	-0.009	-0.040	9.363	5.500
1425604021964	37.499518	139.935822	6	0.026	-0.071	9.521	5.500
1425604022060	37.499519	139.935816	6	0.027	-0.107	9.507	5.500
1425604022161	37.499521	139.935809	6	0.031	-0.116	9.546	5.500
1425604022261	37.499522	139.935803	6	0.054	-0.083	9.370	5.500
1425604022362	37.499523	139.935796	6	0.045	-0.086	9.471	5.500
1425604022463	37.499525	139.935789	6	0.002	-0.082	9.501	5.500
1425604022564	37.499526	139.935783	11	0.009	-0.084	9.575	5.500
1425604022664	37.499528	139.935777	11	0.036	-0.068	9.460	5.500
1425604022760	37.499529	139.935770	11	-0.008	-0.019	9.233	5.500
1425604022861	37.499530	139.935764	11	0.001	0.017	9.183	5.500
1425604022961	37.499531	139.935758	11	0.046	-0.031	9.380	5.500
1425604023062	37.499533	139.935751	11	0.066	-0.100	9.554	5.500
1425604023163	37.499534	139.935745	11	0.067	-0.119	9.466	5.500
1425604023263	37.499535	139.935738	11	0.069	-0.060	9.333	5.500
1425604023364	37.499537	139.935732	11	0.064	-0.052	9.320	5.500
1425604023460	37.499538	139.935726	11	0.021	-0.102	9.488	5.500
1425604023561	37.499540	139.935720	13	0.001	-0.127	9.740	5.500
1425604023661	37.499542	139.935714	13	-0.023	-0.066	9.584	5.500
1425604023762	37.499544	139.935708	13	-0.007	0.011	9.203	5.500
1425604023863	37.499547	139.935703	13	0.037	-0.012	9.192	5.500
1425604023963	37.499549	139.935697	13	0.087	-0.063	9.398	5.500
1425604024064	37.499551	139.935691	13	0.127	-0.065	9.531	5.500
1425604024160	37.499553	139.935686	13	0.111	-0.043	9.455	5.500
1425604024260	37.499555	139.935680	13	0.092	0.016	9.183	5.500
1425604024361	37.499558	139.935674	13	0.095	-0.010	9.205	5.500
1425604024462	37.499560	139.935668	13	0.127	-0.076	9.519	5.500
1425604024563	37.499563	139.935662	14	0.116	-0.091	9.586	5.500
1425604024663	37.499565	139.935656	14	0.076	-0.079	9.507	5.500
1425604024764	37.499568	139.935650	14	0.070	-0.070	9.532	5.500
1425604024860	37.499571	139.935644	14	0.072	-0.060	9.301	5.500
1425604024960	37.499573	139.935638	14	0.113	-0.043	9.236	5.500
1425604025061	37.499576	139.935631	14	0.114	-0.053	9.407	5.500
1425604025162	37.499579	139.935625	14	0.115	-0.067	9.471	5.500
1425604025263	37.499581	139.935619	14	0.074	-0.059	9.410	5.500
1425604025363	37.499584	139.935613	14	0.046	-0.030	9.287	5.500
1425604025464	37.499587	139.935606	14	0.030	-0.054	9.527	5.500
1425604025560	37.499589	139.935600	14	0.101	-0.027	9.319	5.477
1425604025665	37.499590	139.935592	14	0.126	-0.081	9.311	5.450
1425604025761	37.499592	139.935586	14	0.151	-0.129	9.550	5.426
1425604025860	37.499594	139.935579	14	0.147	-0.139	9.634	5.401
1425604025962	37.499595	139.935572	14	0.176	-0.104	9.445	5.376
1425604026061	37.499597	139.935565	14	0.184	-0.097	9.323	5.351
1425604026164	37.499599	139.935558	14	0.173	-0.105	9.468	5.325
1425604026260	37.499600	139.935552	14	0.170	-0.099	9.438	5.302
1425604026360	37.499602	139.935545	14	0.171	-0.061	9.261	5.277
1425604026461	37.499604	139.935539	14	0.140	-0.051	9.301	5.252
1425604026562	37.499605	139.935532	12	0.134	-0.047	9.369	5.226
1425604026662	37.499606	139.935526	12	0.124	-0.057	9.387	5.201
1425604026763	37.499607	139.935520	12	0.130	-0.036	9.306	5.175
1425604026864	37.499608	139.935514	12	0.120	-0.062	9.406	5.150
1425604026964	37.499609	139.935508	12	0.124	-0.081	9.449	5.125
1425604027060	37.499609	139.935503	12	0.119	-0.081	9.412	5.101
1425604027161	37.499610	139.935497	12	0.067	-0.103	9.487	5.076
1425604027262	37.499611	139.935491	12	0.016	-0.075	9.525	5.051
1425604027362	37.499612	139.935485	12	0.012	-0.030	9.424	5.026
1425604027463	37.499613	139.935479	12	-0.012	-0.036	9.259	5.002
1425604027564	37.499615	139.935475	12	0.010	-0.063	9.372	4.976
1425604027664	37.499616	139.935471	12	0.036	-0.111	9.553	4.950
1425604027760	37.499618	139.935467	12	0.029	-0.163	9.471	4.926
1425604027861	37.499619	139.935463	12	0.015	-0.198	9.412	4.901
1425604027962	37.499621	139.935459	12	-0.029	-0.234	9.375	4.875
1425604028062	37.499623	139.935455	12	-0.061	-0.281	9.377	4.850
1425604028163	37.499624	139.935451	12	-0.082	-0.376	9.495	4.825
1425604028264	37.499626	139.935447	12	-0.082	-0.446	9.611	4.800
1425604028364	37.499627	139.935443	12	-0.089	-0.446	9.485	4.776
1425604028460	37.499629	139.935439	12	-0.047	-0.398	9.296	4.752
1425604028561	37.499629	139.935435	12	-0.020	-0.381	9.161	4.702
1425604028661	37.499629	139.935430	12	-0.030	-0.442	9.411	4.650
1425604028762	37.499629	139.935425	12	-0.051	-0.493	9.649	4.598
1425604028863	37.499629	139.935421	12	-0.073	-0.471	9.436	4.547
1425604028964	37.499628	139.935416	12	-0.128	-0.414	9.339	4.496
1425604029064	37.499628	139.935412	12	-0.087	-0.397	9.284	4.446
1425604029160	37.499628	139.935407	12	-0.080	-0.438	9.244	4.399
1425604029261	37.499628	139.935403	12	-0.046	-0.494	9.502	4.350
1425604029361	37.499628	139.935399	12	-0.025	-0.494	9.649	4.302
1425604029462	37.499628	139.935394	12	-0.069	-0.494	9.437	4.254
1425604029563	37.499631	139.935390	13	-0.083	-0.465	9.237	4.250
1425604029664	37.499633	139.935386	13	-0.046	-0.416	9.216	4.250
1425604029764	37.499636	139.935381	13	-0.090	-0.470	9.590	4.250
1425604029860	37.499639	139.935377	13	-0.142	-0.476	9.621	4.250
1425604029961	37.499641	139.935373	13	-0.172	-0.408	9.163	4.250
1425604030061	37.499644	139.935369	13	-0.178	-0.416	9.174	4.250
1425604030162	37.499647	139.935364	13	-0.197	-0.575	9.483	4.250
1425604030263	37.499649	139.935360	13	-0.190	-0.632	9.624	4.250
1425604030363	37.499652	139.935356	13	-0.142	-0.593	9.513	4.250
1425604030464	37.499655	139.935351	13	-0.111	-0.565	9.431	4.250
1425604030560	37.499655	139.935348	13	-0.176	-0.547	9.325	4.120
1425604030661	37.499654	139.935345	13	-0.252	-0.579	9.351	3.978
1425604030761	37.499654	139.935342	13	-0.288	-0.631	9.464	3.842
1425604030862	37.499653	139.935338	13	-0.299	-0.659	9.464	3.709
1425604030963	37.499653	139.935335	13	-0.262	-0.646	9.136	3.580
1425604031063	37.499652	139.935333	13	-0.268	-0.688	9.270	3.457
1425604031164	37.499652	139.935330	13	-0.313	-0.720	9.553	3.337
1425604031260	37.499652	139.935327	13	-0.309	-0.758	9.415	3.227
1425604031360	37.499651	139.935325	13	-0.236	-0.787	9.227	3.116
1425604031461	37.499651	139.935322	13	-0.181	-0.809	9.306	3.009
1425604031562	37.499653	139.935320	13	-0.166	-0.863	9.494	2.950
1425604031663	37.499655	139.935318	13	-0.222	-0.866	9.543	2.896
1425604031763	37.499658	139.935316	13	-0.291	-0.863	9.514	2.844
1425604031864	37.499660	139.935315	13	-0.311	-0.868	9.433	2.792
1425604031960	37.499662	139.935313	13	-0.341	-0.876	9.339	2.744
1425604032060	37.499664	139.935311	13	-0.358	-0.860	9.264	2.694
1425604032161	37.499666	139.935309	13	-0.357	-0.870	9.294	2.645
1425604032262	37.499668	139.935307	13	-0.357	-0.944	9.525	2.597
1425604032363	37.499670	139.935306	13	-0.328	-0.954	9.560	2.549
1425604032463	37.499672	139.935304	13	-0.277	-0.934	9.317	2.503
1425604032564	37.499674	139.935301	13	-0.249	-0.934	9.244	2.418
1425604032665	37.499676	139.935299	13	-0.281	-0.952	9.418	2.333
1425604032760	37.499678	139.935296	13	-0.332	-0.973	9.507	2.255
1425604032861	37.499679	139.935294	13	-0.364	-0.963	9.398	2.175
1425604032962	37.499681	139.935292	13	-0.370	-0.963	9.256	2.098
1425604033062	37.499683	139.935289	13	-0.346	-0.956	9.254	2.024
1425604033163	37.499684	139.935287	13	-0.338	-0.928	9.455	1.952
1425604033264	37.499686	139.935285	13	-0.326	-0.906	9.549	1.883
1425604033365	37.499688	139.935283	13	-0.301	-0.847	9.424	1.816
1425604033460	37.499689	139.935281	13	-0.274	-0.807	9.337	1.756
1425604033561	37.499688	139.935282	13	-0.234	-0.775	9.402	1.446
1425604033662	37.499688	139.935283	13	-0.212	-0.752	9.524	1.143
1425604033762	37.499688	139.935284	13	-0.194	-0.736	9.517	0.877
1425604033863	37.499687	139.935285	13	-0.198	-0.683	9.435	0.645
1425604033964	37.499687	139.935285	13	-0.212	-0.645	9.396	0.448
1425604034064	37.499686	139.935286	13	-0.171	-0.564	9.462	0.288
1425604034160	37.499686	139.935286	13	-0.089	-0.385	9.587	0.168
1425604034261	37.499686	139.935287	13	0.049	-0.131	9.582	0.076
1425604034361	37.499686	139.935287	13	0.143	0.093	9.385	0.021
1425604055258	37.499851	139.934655	7	0.081	0.096	9.420	7.500
1425604055263	37.499851	139.934654	7	0.082	0.099	9.417	7.500
1425604055364	37.499855	139.934647	7	0.115	0.008	9.425	7.500
1425604055460	37.499859	139.934641	7	0.176	-0.085	9.515	7.500
1425604055561	37.499860	139.934633	7	0.245	-0.100	9.525	7.477
1425604055661	37.499862	139.934626	7	0.262	-0.133	9.358	7.452
1425604055762	37.499863	139.934619	7	0.220	-0.172	9.471	7.426
1425604055863	37.499865	139.934612	7	0.176	-0.156	9.454	7.401
1425604055963	37.499866	139.934605	7	0.138	-0.132	9.414	7.376
1425604056064	37.499867	139.934598	7	0.098	-0.096	9.362	7.350
1425604056160	37.499869	139.934591	7	0.104	-0.065	9.316	7.327
1425604056261	37.499870	139.934584	7	0.130	-0.053	9.371	7.302
1425604056361	37.499871	139.934577	7	0.129	-0.082	9.542	7.277
1425604056462	37.499873	139.934570	7	0.154	-0.097	9.563	7.252
1425604056562	37.499876	139.934562	5	0.103	-0.089	9.508	7.250
1425604056663	37.499879	139.934554	5	0.106	-0.023	9.333	7.250
1425604056764	37.499882	139.934547	5	0.094	0.025	9.284	7.250
1425604056860	37.499884	139.934539	5	0.067	0.018	9.351	7.250
1425604056960	37.499887	139.934532	5	0.041	0.006	9.389	7.250
1425604057061	37.499890	139.934524	5	0.002	0.011	9.302	7.250
1425604057162	37.499893	139.934516	5	-0.058	0.016	9.290	7.250
1425604057262	37.499896	139.934509	5	-0.082	-0.002	9.239	7.250
1425604057363	37.499899	139.934501	5	-0.143	-0.103	9.365	7.250
1425604057464	37.499902	139.934493	5	-0.173	-0.198	9.508	7.250
1425604057560	37.499903	139.934485	6	-0.170	-0.237	9.593	7.227
1425604057660	37.499903	139.934477	6	-0.184	-0.205	9.566	7.202
1425604057761	37.499904	139.934468	6	-0.193	-0.192	9.458	7.176
1425604057862	37.499905	139.934460	6	-0.179	-0.182	9.353	7.151
1425604057962	37.499905	139.934451	6	-0.146	-0.159	9.359	7.126
1425604058063	37.499906	139.934443	6	-0.145	-0.194	9.538	7.101
1425604058164	37.499907	139.934434	6	-0.147	-0.204	9.546	7.076
1425604058265	37.499908	139.934426	6	-0.123	-0.173	9.310	7.051
1425604058360	37.499908	139.934418	6	-0.084	-0.138	9.175	7.027
1425604058461	37.499909	139.934410	6	-0.036	-0.140	9.257	7.002
1425604058562	37.499911	139.934402	6	-0.038	-0.151	9.448	7.000
1425604058662	37.499914	139.934395	6	-0.037	-0.164	9.281	7.000
1425604058763	37.499917	139.934388	6	-0.023	-0.196	9.087	7.000
1425604058864	37.499919	139.934380	6	0.034	-0.207	9.287	7.000
1425604058965	37.499922	139.934373	6	0.065	-0.237	9.444	7.000
1425604059060	37.499924	139.934366	6	0.086	-0.252	9.497	7.000
1425604059161	37.499927	139.934359	6	0.100	-0.305	9.499	7.000
1425604059262	37.499930	139.934351	6	0.105	-0.323	9.452	7.000
1425604059362	37.499932	139.934344	6	0.118	-0.302	9.359	7.000
1425604059463	37.499935	139.934337	6	0.120	-0.302	9.514	7.000
1425604059564	37.499937	139.934330	6	0.111	-0.304	9.502	6.951
1425604059664	37.499938	139.934323	6	0.086	-0.321	9.502	6.900
1425604059760	37.499940	139.934316	6	0.083	-0.315	9.515	6.851
1425604059861	37.499942	139.934310	6	0.080	-0.266	9.302	6.800
1425604059961	37.499944	139.934303	6	0.072	-0.245	9.184	6.750
1425604060062	37.499945	139.934296	6	0.086	-0.232	9.331	6.700
1425604060163	37.499947	139.934290	6	0.075	-0.245	9.412	6.650
1425604060264	37.499949	139.934283	6	0.068	-0.276	9.511	6.600
1425604060364	37.499950	139.934277	6	0.002	-0.276	9.450	6.551
1425604060460	37.499952	139.934271	6	-0.018	-0.265	9.334	6.505
1425604060561	37.499953	139.934263	6	-0.028	-0.246	9.352	6.477
1425604060661	37.499955	139.934255	6	-0.048	-0.229	9.376	6.451
1425604060762	37.499956	139.934248	6	-0.066	-0.206	9.387	6.426
1425604060863	37.499958	139.934240	6	-0.089	-0.208	9.326	6.401
1425604060964	37.499959	139.934233	6	-0.065	-0.200	9.298	6.375
1425604061064	37.499961	139.934225	6	-0.033	-0.213	9.464	6.350
1425604061160	37.499962	139.934218	6	-0.053	-0.238	9.566	6.326
1425604061261	37.499964	139.934210	6	-0.046	-0.240	9.403	6.301
1425604061361	37.499965	139.934203	6	-0.039	-0.229	9.394	6.277
1425604061462	37.499967	139.934196	6	-0.032	-0.228	9.472	6.252
1425604061563	37.499968	139.934188	7	-0.008	-0.218	9.348	6.250
1425604061663	37.499970	139.934181	7	0.004	-0.234	9.463	6.250
1425604061764	37.499971	139.934174	7	0.065	-0.230	9.514	6.250
1425604061860	37.499972	139.934167	7	0.070	-0.281	9.673	6.250
1425604061961	37.499973	139.934160	7	0.080	-0.281	9.549	6.250
1425604062061	37.499975	139.934153	7	0.090	-0.242	9.353	6.250
1425604062162	37.499976	139.934146	7	0.060	-0.226	9.232	6.250
1425604062263	37.499977	139.934139	7	0.046	-0.215	9.392	6.250
1425604062363	37.499979	139.934132	7	-0.010	-0.246	9.483	6.250
1425604062464	37.499980	139.934124	7	-0.050	-0.270	9.575	6.250
1425604062560	37.499982	139.934117	7	-0.054	-0.278	9.464	6.250
1425604062660	37.499984	139.934110	7	-0.035	-0.198	9.284	6.250
1425604062761	37.499986	139.934102	7	-0.063	-0.161	9.356	6.250
1425604062862	37.499989	139.934095	7	-0.054	-0.160	9.343	6.250
1425604062963	37.499991	139.934087	7	-0.040	-0.169	9.185	6.250
1425604063063	37.499993	139.934080	7	-0.051	-0.209	9.226	6.250
1425604063164	37.499995	139.934072	7	-0.074	-0.273	9.374	6.250
1425604063260	37.499997	139.934065	7	-0.104	-0.334	9.310	6.250
1425604063360	37.500000	139.934057	7	-0.116	-0.389	9.292	6.250
1425604063461	37.500002	139.934050	7	-0.117	-0.443	9.375	6.250
1425604063562	37.500003	139.934045	7	-0.136	-0.458	9.240	6.177
1425604063662	37.500004	139.934040	7	-0.142	-0.493	9.321	6.099
1425604063763	37.500005	139.934035	7	-0.117	-0.552	9.530	6.020
1425604063864	37.500006	139.934030	7	-0.085	-0.608	9.470	5.943
1425604063960	37.500007	139.934026	7	-0.074	-0.635	9.340	5.871
1425604064060	37.500007	139.934021	7	-0.068	-0.675	9.532	5.796
1425604064161	37.500008	139.934017	7	-0.024	-0.696	9.535	5.722
1425604064262	37.500009	139.934012	7	0.012	-0.704	9.511	5.648
1425604064362	37.500010	139.934008	7	0.019	-0.727	9.512	5.576
1425604064463	37.500011	139.934003	7	-0.014	-0.715	9.366	5.505
1425604064564	37.500012	139.933997	7	-0.061	-0.713	9.390	5.451
1425604064664	37.500014	139.933991	7	-0.079	-0.711	9.464	5.399
1425604064760	37.500015	139.933985	7	-0.086	-0.699	9.496	5.350
1425604064861	37.500017	139.933978	7	-0.075	-0.703	9.363	5.299
1425604064962	37.500018	139.933972	7	-0.039	-0.690	9.334	5.248
1425604065062	37.500019	139.933966	7	-0.051	-0.731	9.485	5.198
1425604065163	37.500021	139.933960	7	-0.072	-0.748	9.518	5.148
1425604065264	37.500022	139.933954	7	-0.182	-0.760	9.325	5.099
1425604065364	37.500024	139.933948	7	-0.243	-0.781	9.341	5.051
1425604065460	37.500025	139.933943	7	-0.275	-0.815	9.446	5.005
1425604065561	37.500025	139.933937	6	-0.278	-0.819	9.390	4.871
1425604065662	37.500025	139.933932	6	-0.310	-0.866	9.332	4.732
1425604065762	37.500025	139.933928	6	-0.362	-0.924	9.392	4.598
1425604065863	37.500025	139.933923	6	-0.341	-0.935	9.449	4.466
1425604065964	37.500025	139.933918	6	-0.315	-0.932	9.390	4.338
1425604066064	37.500025	139.933914	6	-0.316	-0.926	9.378	4.214
1425604066160	37.500025	139.933910	6	-0.311	-0.944	9.360	4.099
1425604066261	37.500025	139.933905	6	-0.333	-0.966	9.360	3.982
1425604066362	37.500025	139.933901	6	-0.373	-1.014	9.478	3.868
1425604066462	37.500025	139.933897	6	-0.368	-0.982	9.471	3.759
1425604066563	37.500024	139.933894	7	-0.362	-1.005	9.344	3.700
1425604066664	37.500024	139.933891	7	-0.290	-1.015	9.292	3.647
1425604066764	37.500023	139.933889	7	-0.248	-1.032	9.411	3.596
1425604066860	37.500022	139.933886	7	-0.252	-1.047	9.542	3.547
1425604066961	37.500021	139.933883	7	-0.253	-1.061	9.486	3.496
1425604067061	37.500021	139.933881	7	-0.280	-1.027	9.328	3.446
1425604067162	37.500020	139.933878	7	-0.336	-0.995	9.239	3.396
1425604067263	37.500019	139.933875	7	-0.378	-1.011	9.338	3.348
1425604067364	37.500019	139.933873	7	-0.404	-1.036	9.465	3.300
1425604067464	37.500018	139.933870	7	-0.415	-1.053	9.513	3.253
1425604067560	37.500021	139.933867	8	-0.363	-1.038	9.397	3.227
1425604067661	37.500024	139.933864	8	-0.315	-1.065	9.296	3.201
1425604067761	37.500028	139.933861	8	-0.323	-1.098	9.330	3.175
1425604067862	37.500031	139.933858	8	-0.343	-1.165	9.531	3.150
1425604067963	37.500034	139.933855	8	-0.339	-1.128	9.490	3.124
1425604068063	37.500037	139.933852	8	-0.375	-1.138	9.384	3.099
1425604068164	37.500040	139.933849	8	-0.400	-1.144	9.351	3.074
1425604068260	37.500043	139.933846	8	-0.390	-1.117	9.389	3.051
1425604068366	37.500047	139.933843	8	-0.308	-1.030	9.447	3.025
1425604068461	37.500050	139.933840	8	-0.206	-0.915	9.497	3.002
1425604068560	37.500052	139.933839	8	-0.131	-0.818	9.456	2.951
1425604068663	37.500054	139.933837	8	-0.087	-0.699	9.373	2.896
1425604068762	37.500056	139.933835	8	-0.103	-0.610	9.415	2.845
1425604068864	37.500058	139.933834	8	-0.141	-0.537	9.398	2.792
1425604068960	37.500060	139.933832	8	-0.148	-0.496	9.382	2.744
1425604069060	37.500062	139.933831	8	-0.116	-0.484	9.378	2.694
1425604069161	37.500064	139.933829	8	-0.065	-0.509	9.387	2.645
1425604069262	37.500066	139.933828	8	-0.033	-0.527	9.382	2.597
1425604069363	37.500068	139.933826	8	-0.048	-0.548	9.444	2.549
1425604069463	37.500070	139.933825	8	-0.067	-0.531	9.458	2.503
1425604069564	37.500067	139.933826	11	-0.084	-0.527	9.415	2.255
1425604069660	37.500065	139.933828	11	-0.084	-0.530	9.403	2.022
1425604069760	37.500063	139.933829	11	-0.120	-0.541	9.431	1.798
1425604069861	37.500061	139.933830	11	-0.127	-0.532	9.404	1.591
1425604069962	37.500059	139.933831	11	-0.119	-0.531	9.374	1.403
1425604070063	37.500057	139.933832	11	-0.078	-0.534	9.370	1.235
1425604070163	37.500055	139.933833	11	-0.062	-0.566	9.406	1.087
1425604070264	37.500054	139.933834	11	-0.041	-0.593	9.440	0.956
1425604070360	37.500053	139.933834	11	-0.047	-0.584	9.417	0.850
1425604070460	37.500052	139.933835	11	-0.003	-0.430	9.482	0.758
1425604070561	37.500045	139.933838	11	0.022	-0.217	9.488	0.620
1425604070662	37.500039	139.933840	11	0.070	-0.039	9.399	0.490
1425604070762	37.500033	139.933842	11	0.088	0.041	9.247	0.376
1425604070863	37.500028	139.933844	11	0.112	0.016	9.280	0.276
1425604070964	37.500024	139.933846	11	0.117	-0.038	9.440	0.192
1425604071060	37.500020	139.933847	11	0.074	-0.128	9.522	0.126
1425604071160	37.500018	139.933849	11	0.066	-0.136	9.440	0.072
1425604071261	37.500016	139.933849	11	0.081	-0.083	9.396	0.033
1425604071362	37.500014	139.933850	11	0.118	-0.018	9.352	0.009
1425604097259	37.499972	139.933730	5	0.201	0.168	9.403	2.945
1425604097264	37.499972	139.933730	5	0.208	0.176	9.404	2.947
1425604097363	37.499973	139.933727	5	0.134	-0.016	9.096	2.972
1425604097460	37.499974	139.933723	5	0.066	-0.147	8.940	2.997
1425604097561	37.499975	139.933720	6	0.024	-0.281	9.239	3.000
1425604097661	37.499976	139.933717	6	-0.023	-0.393	9.612	3.000
1425604097762	37.499977	139.933713	6	-0.073	-0.502	9.625	3.000
1425604097863	37.499978	139.933710	6	-0.119	-0.593	9.244	3.000
1425604097964	37.499979	139.933706	6	-0.160	-0.695	9.145	3.000
1425604098064	37.499981	139.933703	6	-0.112	-0.786	9.466	3.000
1425604098160	37.499982	139.933700	6	-0.078	-0.860	9.669	3.000
1425604098261	37.499983	139.933696	6	-0.096	-0.863	9.547	3.000
1425604098361	37.499984	139.933693	6	-0.104	-0.700	9.192	3.000
1425604098462	37.499985	139.933689	6	-0.147	-0.567	9.300	3.000
1425604098563	37.499986	139.933686	6	-0.248	-0.479	9.546	3.000
1425604098664	37.499987	139.933683	6	-0.326	-0.458	9.557	3.000
1425604098764	37.499988	139.933680	6	-0.327	-0.434	9.491	3.000
1425604098860	37.499989	139.933677	6	-0.319	-0.423	9.380	3.000
1425604098961	37.499990	139.933674	6	-0.370	-0.401	9.316	3.000
1425604099061	37.499991	139.933671	6	-0.474	-0.347	9.227	3.000
1425604099162	37.499992	139.933668	6	-0.502	-0.284	9.353	3.000
1425604099263	37.499993	139.933664	6	-0.478	-0.230	9.567	3.000
1425604099364	37.499994	139.933661	6	-0.413	-0.192	9.532	3.000
1425604099464	37.499995	139.933658	6	-0.433	-0.172	9.403	3.000
1425604099560	37.499996	139.933656	6	-0.479	-0.147	9.386	2.977
1425604099661	37.499997	139.933653	6	-0.549	-0.152	9.307	2.951
1425604099761	37.499998	139.933650	6	-0.551	-0.190	9.355	2.925
1425604099862	37.499999	139.933648	6	-0.509	-0.252	9.488	2.899
1425604099963	37.500000	139.933645	6	-0.596	-0.299	9.630	2.874
1425604100063	37.500000	139.933642	6	-0.883	-0.257	9.496	2.849
1425604100164	37.500001	139.933640	6	-1.126	-0.292	9.334	2.824
1425604100260	37.500002	139.933637	6	-1.153	-0.359	9.374	2.801
1425604100360	37.500003	139.933635	6	-0.995	-0.457	9.568	2.776
1425604100461	37.500004	139.933632	6	-0.756	-0.467	9.490	2.752
1425604100562	37.500005	139.933630	6	-0.547	-0.379	9.199	2.750
1425604100663	37.500005	139.933627	6	-0.409	-0.370	9.051	2.750
1425604100763	37.500006	139.933625	6	-0.402	-0.282	9.310	2.750
1425604100864	37.500006	139.933622	6	-0.518	-0.240	9.595	2.750
1425604100960	37.500007	139.933620	6	-0.645	-0.199	9.687	2.750
1425604101060	37.500008	139.933617	6	-0.792	-0.117	9.437	2.750
1425604101161	37.500008	139.933615	6	-0.835	-0.039	9.230	2.750
1425604101262	37.500009	139.933612	6	-0.709	-0.037	9.321	2.750
1425604101363	37.500009	139.933610	6	-0.550	-0.110	9.764	2.750
1425604101463	37.500010	139.933607	6	-0.501	-0.113	9.868	2.750
1425604101564	37.500009	139.933606	6	-0.579	0.034	9.500	2.637
1425604101660	37.500009	139.933605	6	-0.609	0.272	9.071	2.526
1425604101760	37.500008	139.933603	6	-0.412	0.509	8.972	2.414
1425604101861	37.500008	139.933602	6	-0.421	0.547	9.301	2.306
1425604101962	37.500007	139.933601	6	-0.542	0.560	9.361	2.202
1425604102063	37.500007	139.933600	6	-0.547	0.532	9.014	2.103
1425604102163	37.500006	139.933599	6	-0.406	0.435	9.145	2.010
1425604102264	37.500006	139.933598	6	-0.265	0.433	9.760	1.920
1425604102360	37.500005	139.933597	6	-0.500	0.470	10.193	1.838
1425604102460	37.500005	139.933596	6	-0.606	0.400	9.601	1.758
1425604102561	37.500004	139.933596	6	-0.610	0.285	9.328	1.726
1425604102662	37.500003	139.933595	6	-0.780	0.424	9.186	1.699
1425604102762	37.500002	139.933595	6	-0.827	0.490	9.002	1.673
1425604102863	37.500000	139.933594	6	-0.876	0.383	9.239	1.647
1425604102964	37.499999	139.933594	6	-0.794	0.256	9.406	1.622
1425604103065	37.499998	139.933594	6	-0.604	0.239	9.350	1.597
1425604103160	37.499997	139.933593	6	-0.381	0.274	9.559	1.573
1425604103261	37.499996	139.933593	6	-0.231	0.302	9.360	1.549
1425604103362	37.499995	139.933592	6	-0.128	0.312	9.187	1.525
1425604103462	37.499994	139.933592	6	-0.141	0.351	9.382	1.502
1425604103563	37.499992	139.933592	6	-0.247	0.449	9.540	1.540
1425604103664	37.499991	139.933592	6	-0.387	0.561	9.244	1.586
1425604103764	37.499989	139.933592	6	-0.430	0.846	9.073	1.632
1425604103860	37.499987	139.933592	6	-0.259	0.950	9.205	1.678
1425604103961	37.499985	139.933592	6	0.114	0.876	9.371	1.728
1425604104062	37.499983	139.933591	6	0.600	0.673	9.343	1.779
1425604104162	37.499981	139.933591	6	0.879	0.565	9.285	1.831
1425604111257	37.499718	139.933501	6	0.884	0.590	9.553	4.250
1425604111260	37.499718	139.933501	6	0.871	0.586	9.560	4.250
1425604111363	37.499714	139.933499	6	0.353	-0.021	9.431	4.250
1425604111462	37.499710	139.933497	6	-0.049	-0.474	9.500	4.250
1425604111560	37.499707	139.933495	6	-0.220	-0.723	9.615	4.227
1425604111660	37.499703	139.933493	6	-0.290	-0.826	9.436	4.201
1425604111761	37.499700	139.933491	6	-0.346	-0.849	9.353	4.176
1425604111861	37.499696	139.933489	6	-0.401	-0.833	9.379	4.150
1425604111962	37.499693	139.933488	6	-0.406	-0.813	9.354	4.125
1425604112063	37.499689	139.933486	6	-0.391	-0.757	9.377	4.100
1425604112163	37.499686	139.933484	6	-0.377	-0.763	9.567	4.075
1425604112264	37.499682	139.933482	6	-0.375	-0.694	9.517	4.050
1425604112360	37.499679	139.933480	6	-0.359	-0.631	9.268	4.027
1425604112461	37.499675	139.933478	6	-0.320	-0.480	9.314	4.002
1425604112561	37.499672	139.933476	5	-0.317	-0.353	9.511	3.977
1425604112662	37.499669	139.933474	5	-0.336	-0.257	9.499	3.951
1425604112763	37.499666	139.933472	5	-0.350	-0.171	9.323	3.925
1425604112863	37.499663	139.933470	5	-0.280	-0.135	9.270	3.900
1425604112964	37.499660	139.933468	5	-0.270	-0.121	9.331	3.874
1425604113060	37.499658	139.933467	5	-0.271	-0.129	9.402	3.851
1425604113160	37.499655	139.933465	5	-0.260	-0.026	9.449	3.826
1425604113261	37.499652	139.933463	5	-0.231	0.063	9.442	3.801
1425604113362	37.499649	139.933461	5	-0.147	0.125	9.366	3.776
1425604113463	37.499646	139.933459	5	-0.091	0.144	9.312	3.752
1425604113563	37.499644	139.933458	5	-0.073	0.157	9.429	3.542
1425604113664	37.499642	139.933458	5	-0.118	0.189	9.459	3.327
1425604113760	37.499640	139.933457	5	-0.168	0.210	9.394	3.133
1425604113860	37.499639	139.933456	5	-0.150	0.235	9.368	2.941
1425604113961	37.499637	139.933456	5	-0.109	0.221	9.428	2.758
1425604114062	37.499635	139.933455	5	-0.054	0.165	9.487	2.585
1425604114163	37.499634	139.933454	5	0.029	0.133	9.422	2.424
1425604114263	37.499633	139.933454	5	0.109	0.113	9.352	2.275
1425604114364	37.499631	139.933453	5	0.167	0.096	9.398	2.135
1425604114460	37.499630	139.933453	5	0.140	0.103	9.401	2.012
1425604114561	37.499629	139.933453	4	0.062	0.133	9.355	1.976
1425604114661	37.499627	139.933452	4	-0.027	0.165	9.336	1.950
1425604114762	37.499625	139.933452	4	-0.083	0.180	9.315	1.924
1425604114862	37.499624	139.933452	4	-0.051	0.186	9.324	1.898
1425604114963	37.499622	139.933451	4	0.003	0.180	9.422	1.873
1425604115064	37.499621	139.933451	4	0.037	0.177	9.437	1.847
1425604115160	37.499619	139.933451	4	0.057	0.239	9.424	1.824
1425604129259	37.498962	139.933173	9	0.118	0.483	9.562	6.853
1425604129264	37.498962	139.933173	9	0.118	0.483	9.567	6.850
1425604129364	37.498955	139.933169	9	-0.073	0.006	9.437	6.801
1425604129460	37.498949	139.933164	9	-0.224	-0.397	9.490	6.755
1425604129561	37.498944	139.933162	9	-0.285	-0.640	9.488	6.626
1425604129661	37.498940	139.933160	9	-0.303	-0.802	9.416	6.492
1425604129762	37.498936	139.933158	9	-0.363	-0.923	9.414	6.359
1425604129863	37.498933	139.933156	9	-0.427	-1.028	9.580	6.228
1425604129964	37.498929	139.933155	9	-0.465	-1.065	9.646	6.101
1425604130064	37.498925	139.933153	9	-0.444	-1.052	9.451	5.977
1425604130160	37.498922	139.933151	9	-0.438	-1.010	9.270	5.860
1425604130261	37.498918	139.933149	9	-0.441	-0.996	9.300	5.740
1425604130361	37.498915	139.933148	9	-0.415	-1.000	9.336	5.624
1425604130462	37.498911	139.933146	9	-0.426	-0.981	9.568	5.509
1425604130563	37.498907	139.933144	7	-0.428	-0.982	9.512	5.451
1425604130664	37.498902	139.933142	7	-0.435	-0.987	9.470	5.399
1425604130764	37.498898	139.933141	7	-0.436	-0.957	9.303	5.348
1425604130860	37.498894	139.933139	7	-0.439	-0.977	9.352	5.299
1425604130961	37.498889	139.933137	7	-0.475	-0.999	9.541	5.249
1425604131061	37.498885	139.933135	7	-0.432	-1.000	9.561	5.199
1425604131162	37.498881	139.933133	7	-0.422	-0.976	9.457	5.149
1425604131263	37.498877	139.933132	7	-0.421	-0.975	9.380	5.100
1425604131363	37.498872	139.933130	7	-0.429	-0.967	9.324	5.051
1425604131464	37.498868	139.933128	7	-0.450	-0.978	9.312	5.003
1425604131560	37.498865	139.933126	8	-0.445	-0.964	9.393	4.928
1425604131660	37.498861	139.933124	8	-0.470	-0.957	9.497	4.848
1425604131761	37.498858	139.933122	8	-0.468	-0.963	9.361	4.769
1425604131862	37.498854	139.933121	8	-0.477	-0.952	9.188	4.692
1425604131963	37.498851	139.933119	8	-0.487	-0.966	9.416	4.615
1425604132063	37.498848	139.933117	8	-0.459	-0.983	9.546	4.541
1425604132164	37.498845	139.933115	8	-0.403	-0.991	9.358	4.467
1425604132260	37.498841	139.933114	8	-0.393	-1.013	9.355	4.397
1425604132360	37.498838	139.933112	8	-0.414	-1.058	9.449	4.327
1425604132461	37.498835	139.933110	8	-0.441	-1.061	9.411	4.256
1425604132562	37.498832	139.933109	10	-0.478	-1.032	9.409	4.175
1425604132663	37.498829	139.933108	10	-0.507	-0.985	9.412	4.094
1425604132763	37.498827	139.933107	10	-0.490	-0.963	9.340	4.015
1425604132864	37.498824	139.933106	10	-0.431	-0.969	9.456	3.937
1425604132960	37.498821	139.933105	10	-0.388	-0.944	9.516	3.864
1425604133060	37.498818	139.933104	10	-0.376	-0.881	9.419	3.790
1425604133161	37.498816	139.933103	10	-0.383	-0.789	9.337	3.716
1425604133262	37.498813	139.933102	10	-0.394	-0.739	9.358	3.644
1425604133363	37.498811	139.933101	10	-0.360	-0.681	9.420	3.573
1425604133463	37.498808	139.933100	10	-0.329	-0.672	9.481	3.505
1425604133564	37.498805	139.933101	11	-0.294	-0.644	9.420	3.422
1425604133660	37.498801	139.933102	11	-0.279	-0.613	9.362	3.344
1425604133760	37.498798	139.933103	11	-0.270	-0.562	9.368	3.264
1425604133861	37.498794	139.933104	11	-0.282	-0.528	9.434	3.185
1425604133962	37.498791	139.933105	11	-0.280	-0.477	9.434	3.109
1425604134062	37.498788	139.933106	11	-0.264	-0.430	9.428	3.034
1425604134163	37.498784	139.933106	11	-0.158	-0.217	9.532	2.961
1425604134264	37.498781	139.933107	11	-0.002	0.085	9.584	2.890
1425604134360	37.498778	139.933108	11	0.122	0.337	9.430	2.824
1425604134460	37.498775	139.933109	11	0.196	0.506	9.172	2.757
1425604134561	37.498779	139.933106	11	0.219	0.543	9.101	2.272
1425604134662	37.498783	139.933102	11	0.187	0.468	9.252	1.795
1425604134762	37.498786	139.933100	11	0.108	0.330	9.447	1.378
1425604134863	37.498790	139.933097	11	0.044	0.236	9.480	1.013
1425604134964	37.498792	139.933095	11	0.021	0.213	9.412	0.704
1425604135064	37.498794	139.933093	11	0.057	0.286	9.407	0.453
1425604135160	37.498796	139.933092	11	0.095	0.367	9.374	0.264
1425604135261	37.498797	139.933091	11	0.120	0.409	9.376	0.120
1425604135362	37.498798	139.933090	11	0.117	0.407	9.386	0.032
1425604199256	37.497375	139.932526	18	0.091	0.376	9.412	9.446
1425604199261	37.497375	139.932525	18	0.078	0.373	9.418	9.447
1425604199361	37.497366	139.932517	18	-0.261	0.327	9.764	9.472
1425604199462	37.497358	139.932510	18	-0.327	0.044	10.513	9.498
1425604199563	37.497351	139.932506	18	-0.423	-0.403	11.535	9.428
1425604199664	37.497345	139.932502	18	-0.297	-0.712	12.467	9.350
1425604199764	37.497339	139.932499	18	-0.157	-0.631	12.083	9.273
1425604199860	37.497333	139.932495	18	0.029	-0.071	9.718	9.200
1425604199961	37.497326	139.932492	18	0.279	0.633	7.475	9.124
1425604200061	37.497320	139.932489	18	0.395	0.853	6.746	9.049
1425604200162	37.497314	139.932485	18	0.373	0.865	7.493	8.974
1425604206255	37.496838	139.932233	16	0.190	0.270	9.375	9.355
1425604206260	37.496837	139.932233	16	0.163	0.212	9.474	9.353
1425604206361	37.496828	139.932233	16	-0.060	-0.019	9.694	9.303
1425604206461	37.496820	139.932233	16	-0.108	0.000	9.593	9.254
1425604206562	37.496813	139.932231	16	-0.133	-0.003	9.529	9.178
1425604206663	37.496807	139.932228	16	-0.188	0.039	9.356	9.100
1425604206764	37.496800	139.932225	16	-0.189	0.012	9.438	9.023
1425604206864	37.496794	139.932223	16	-0.221	0.036	9.273	8.947
1425604206960	37.496788	139.932220	16	-0.204	0.082	9.093	8.875
1425604207061	37.496782	139.932218	16	-0.191	0.084	9.252	8.799
1425604207161	37.496776	139.932216	16	-0.217	0.001	9.521	8.725
1425604207262	37.496769	139.932213	16	-0.241	0.033	9.579	8.651
1425604207363	37.496763	139.932211	16	-0.322	-0.004	9.644	8.577
1425604207463	37.496757	139.932208	16	-0.324	-0.009	9.606	8.505
1425604207564	37.496751	139.932207	14	-0.403	-0.003	9.675	8.452
1425604207660	37.496745	139.932207	14	-0.483	0.151	9.449	8.403
1425604207761	37.496738	139.932206	14	-0.576	0.138	9.385	8.351
1425604207861	37.496732	139.932205	14	-0.649	0.200	9.514	8.301
1425604207962	37.496726	139.932205	14	-0.738	0.235	9.399	8.250
1425604208063	37.496719	139.932204	14	-0.772	0.279	8.995	8.200
1425604208163	37.496713	139.932203	14	-0.743	0.300	8.897	8.150
1425604208260	37.496707	139.932202	14	-0.657	0.325	9.097	8.102
1425604208360	37.496701	139.932202	14	-0.610	0.239	9.316	8.054
1425604208460	37.496695	139.932201	14	-0.451	0.171	9.120	8.005
1425604208561	37.496688	139.932198	14	-0.340	0.107	9.298	7.977
1425604208662	37.496681	139.932195	14	-0.307	0.049	9.809	7.951
1425604208763	37.496674	139.932191	14	-0.186	-0.036	9.823	7.926
1425604208863	37.496667	139.932188	14	-0.214	-0.032	9.813	7.901
1425604208964	37.496660	139.932185	14	-0.160	-0.015	9.629	7.876
1425604209060	37.496654	139.932181	14	-0.134	0.097	9.418	7.852
1425604209160	37.496647	139.932178	14	-0.035	0.214	9.036	7.827
1425604217257	37.496113	139.931852	11	-0.031	0.278	8.827	8.303
1425604217262	37.496113	139.931851	11	-0.029	0.273	8.820	8.301
1425604217364	37.496106	139.931846	11	0.004	0.110	8.903	8.276
1425604217464	37.496098	139.931841	11	-0.001	0.054	9.040	8.251
1425604217564	37.496092	139.931837	11	-0.048	-0.043	9.505	8.250
1425604217660	37.496085	139.931832	11	-0.037	-0.091	9.577	8.250
1425604217761	37.496079	139.931828	11	-0.052	-0.087	9.373	8.250
1425604217862	37.496072	139.931823	11	0.022	-0.073	9.238	8.250
1425604217962	37.496065	139.931818	11	0.079	-0.060	9.178	8.250
1425604218063	37.496058	139.931814	11	0.154	-0.093	9.369	8.250
1425604218164	37.496052	139.931809	11	0.152	-0.140	9.454	8.250
1425604218264	37.496045	139.931804	11	0.131	-0.179	9.436	8.250
1425604218360	37.496038	139.931800	11	0.138	-0.206	9.502	8.250
1425604218461	37.496032	139.931795	11	0.190	-0.206	9.528	8.250
1425604218562	37.496025	139.931791	11	0.257	-0.200	9.314	8.227
1425604218662	37.496019	139.931787	11	0.293	-0.117	8.781	8.201
1425604218763	37.496012	139.931783	11	0.266	-0.158	9.159	8.176
1425604218864	37.496006	139.931779	11	0.118	-0.310	9.893	8.151
1425604218964	37.495999	139.931775	11	0.099	-0.308	9.938	8.126
1425604219060	37.495993	139.931771	11	0.067	-0.252	9.716	8.102
1425604219161	37.495987	139.931767	11	0.079	-0.222	9.451	8.076
1425604219261	37.495980	139.931762	11	0.096	-0.112	9.260	8.052
1425604219362	37.495974	139.931758	11	0.112	0.007	9.076	8.027
1425604219463	37.495967	139.931754	11	0.060	-0.079	9.326	8.002
1425604219564	37.495961	139.931750	11	0.059	-0.182	9.595	7.976
1425604219664	37.495955	139.931747	11	0.103	-0.199	9.564	7.951
1425604219760	37.495949	139.931743	11	0.146	-0.152	9.342	7.927
1425604219861	37.495943	139.931739	11	0.185	-0.120	9.111	7.901
1425604219961	37.495937	139.931735	11	0.275	-0.150	9.325	7.876
1425604220062	37.495931	139.931731	11	0.251	-0.212	9.411	7.851
1425604220163	37.495925	139.931728	11	0.260	-0.293	9.483	7.826
1425604220263	37.495918	139.931724	11	0.225	-0.323	9.668	7.801
1425604220364	37.495912	139.931720	11	0.142	-0.236	9.608	7.776
1425604220460	37.495907	139.931716	11	0.145	-0.158	9.419	7.752
1425604220561	37.495901	139.931710	10	0.183	-0.163	9.396	7.750
1425604220661	37.495895	139.931704	10	0.189	-0.149	9.207	7.750
1425604220762	37.495888	139.931698	10	0.193	-0.153	9.334	7.750
1425604220863	37.495882	139.931692	10	0.214	-0.209	9.581	7.750
1425604220963	37.495876	139.931686	10	0.193	-0.211	9.605	7.750
1425604221064	37.495870	139.931680	10	0.197	-0.114	9.264	7.750
1425604221160	37.495865	139.931674	10	0.171	-0.112	9.082	7.750
1425604221260	37.495859	139.931668	10	0.082	-0.105	9.236	7.750
1425604221361	37.495853	139.931662	10	-0.047	-0.118	9.589	7.750
1425604221462	37.495846	139.931655	10	-0.115	-0.120	9.689	7.750
1425604221563	37.495841	139.931650	10	-0.123	-0.093	9.632	7.726
1425604221663	37.495836	139.931645	10	-0.122	0.013	9.550	7.701
1425604221764	37.495830	139.931639	10	-0.134	0.146	9.323	7.676
1425604221860	37.495825	139.931634	10	-0.159	0.195	9.347	7.652
1425604221960	37.495820	139.931629	10	-0.195	0.188	9.373	7.626
1425604222061	37.495814	139.931623	10	-0.167	0.284	9.106	7.601
1425604222162	37.495809	139.931618	10	-0.222	0.346	8.910	7.576
1425604224255	37.495691	139.931515	12	-0.195	0.361	8.878	7.855
1425604224262	37.495691	139.931515	12	-0.202	0.356	8.896	7.851
1425604224362	37.495685	139.931510	12	-0.601	0.330	9.262	7.802
1425604224463	37.495680	139.931506	12	-0.783	0.279	9.371	7.753
1425604224564	37.495673	139.931505	12	-0.735	0.243	9.424	7.702
1425604224664	37.495666	139.931504	12	-0.532	0.237	9.276	7.650
1425604224760	37.495660	139.931503	12	-0.327	0.176	9.283	7.602
1425604224866	37.495652	139.931502	12	-0.224	0.126	9.332	7.548
1425604224961	37.495646	139.931501	12	-0.209	0.119	9.361	7.500
1425604225060	37.495639	139.931500	12	-0.252	0.089	9.540	7.451
1425604225163	37.495632	139.931499	12	-0.324	0.062	9.567	7.400
1425604225262	37.495625	139.931498	12	-0.346	0.110	9.374	7.351
1425604225364	37.495618	139.931497	12	-0.354	0.155	9.385	7.301
1425604225460	37.495612	139.931496	12	-0.367	0.135	9.380	7.255
1425604225561	37.495605	139.931492	12	-0.278	0.089	9.427	7.272
1425604225661	37.495597	139.931488	12	-0.187	0.056	9.401	7.297
1425604225762	37.495590	139.931484	12	-0.096	0.009	9.408	7.322
1425604225863	37.495583	139.931480	12	-0.047	-0.072	9.608	7.347
1425604225963	37.495576	139.931476	12	-0.073	-0.117	9.616	7.372
1425604226064	37.495569	139.931472	12	-0.046	-0.099	9.690	7.397
1425604226160	37.495562	139.931469	12	-0.072	-0.061	9.534	7.422
1425604226261	37.495554	139.931464	12	-0.036	-0.050	9.310	7.447
1425604226361	37.495547	139.931460	12	0.041	-0.069	9.464	7.472
1425604226462	37.495540	139.931456	12	0.128	-0.113	9.692	7.498
1425604226563	37.495533	139.931454	12	0.106	-0.082	9.516	7.476
1425604226663	37.495527	139.931452	12	0.024	-0.016	9.158	7.451
1425604226764	37.495521	139.931450	12	-0.061	0.028	9.253	7.426
1425604226860	37.495515	139.931449	12	-0.142	-0.004	9.490	7.401
1425604226961	37.495509	139.931447	12	-0.102	-0.039	9.566	7.376
1425604227061	37.495503	139.931445	12	-0.041	-0.041	9.303	7.351
1425604227162	37.495497	139.931443	12	-0.044	-0.049	9.344	7.326
1425604227263	37.495490	139.931441	12	-0.067	-0.049	9.518	7.301
1425604227363	37.495484	139.931439	12	-0.102	-0.022	9.471	7.276
1425604227464	37.495478	139.931437	12	-0.151	0.004	9.461	7.251
1425604227560	37.495474	139.931435	11	-0.187	0.002	9.281	7.179
1425604227660	37.495469	139.931433	11	-0.196	0.053	9.186	7.101
1425604227761	37.495464	139.931431	11	-0.203	0.043	9.278	7.023
1425604227862	37.495459	139.931429	11	-0.169	-0.006	9.493	6.946
1425604227963	37.495454	139.931427	11	-0.189	-0.056	9.557	6.870
1425604228063	37.495450	139.931425	11	-0.215	-0.104	9.377	6.795
1425604228164	37.495445	139.931424	11	-0.229	-0.223	9.472	6.721
1425604228260	37.495440	139.931422	11	-0.273	-0.293	9.662	6.651
1425604228360	37.495436	139.931420	11	-0.377	-0.349	9.679	6.578
1425604228461	37.495431	139.931418	11	-0.343	-0.309	9.266	6.506
1425604228562	37.495426	139.931416	11	-0.326	-0.322	9.002	6.452
1425604228662	37.495420	139.931415	11	-0.381	-0.294	9.118	6.401
1425604228763	37.495414	139.931413	11	-0.436	-0.339	9.550	6.349
1425604228864	37.495409	139.931411	11	-0.464	-0.372	9.719	6.298
1425604228960	37.495404	139.931410	11	-0.416	-0.423	9.658	6.250
1425604229060	37.495398	139.931408	11	-0.326	-0.442	9.553	6.200
1425604229161	37.495393	139.931406	11	-0.240	-0.418	9.418	6.150
1425604229262	37.495387	139.931404	11	-0.238	-0.389	9.400	6.101
1425604229362	37.495382	139.931403	11	-0.343	-0.354	9.446	6.052
1425604229463	37.495376	139.931401	11	-0.486	-0.361	9.408	6.003
1425604229564	37.495371	139.931400	11	-0.547	-0.300	9.246	5.951
1425604229665	37.495366	139.931399	11	-0.505	-0.269	9.204	5.899
1425604229760	37.495362	139.931399	11	-0.425	-0.382	9.362	5.851
1425604229861	37.495357	139.931398	11	-0.331	-0.458	9.672	5.799
1425604229962	37.495352	139.931397	11	-0.264	-0.419	9.493	5.749
1425604230062	37.495347	139.931396	11	-0.264	-0.329	9.281	5.699
1425604230163	37.495342	139.931395	11	-0.262	-0.257	9.487	5.649
1425604230264	37.495338	139.931395	11	-0.268	-0.190	9.550	5.599
1425604230365	37.495333	139.931394	11	-0.258	-0.150	9.425	5.550
1425604230460	37.495328	139.931393	11	-0.193	-0.098	9.241	5.505
1425604230561	37.495323	139.931391	11	-0.145	-0.071	9.307	5.477
1425604230662	37.495318	139.931389	11	-0.131	-0.093	9.326	5.451
1425604230762	37.495312	139.931387	11	-0.134	-0.121	9.398	5.426
1425604230863	37.495307	139.931385	11	-0.129	-0.084	9.444	5.400
1425604230964	37.495302	139.931383	11	-0.087	-0.019	9.333	5.375
1425604231064	37.495296	139.931380	11	-0.067	0.007	9.253	5.350
1425604231160	37.495291	139.931378	11	-0.071	-0.055	9.497	5.326
1425604231261	37.495286	139.931376	11	-0.060	-0.036	9.541	5.301
1425604231361	37.495281	139.931374	11	-0.033	0.014	9.397	5.277
1425604231462	37.495275	139.931372	11	0.005	0.088	9.359	5.252
1425604231563	37.495271	139.931372	11	0.059	0.286	9.485	5.250
1425604231664	37.495266	139.931372	11	0.058	0.350	9.412	5.250
1425604231764	37.495261	139.931372	11	0.002	0.328	9.245	5.250
1425604231860	37.495257	139.931372	11	0.013	0.365	9.388	5.250
1425604231961	37.495252	139.931372	11	0.077	0.369	9.546	5.250
1425604232061	37.495247	139.931371	11	0.126	0.352	9.429	5.250
1425604232162	37.495242	139.931371	11	0.181	0.438	9.332	5.250
1425604237258	37.494970	139.931307	15	0.195	0.460	9.310	4.782
1425604237263	37.494970	139.931307	15	0.194	0.462	9.316	4.775
1425604237364	37.494967	139.931305	15	0.095	0.306	9.360	4.639
1425604237464	37.494965	139.931303	15	-0.002	0.136	9.666	4.508
1425604237560	37.494962	139.931305	13	0.051	0.032	9.714	4.371
1425604237661	37.494958	139.931307	13	0.105	0.015	9.361	4.230
1425604237761	37.494954	139.931309	13	0.131	-0.012	9.272	4.095
1425604237862	37.494951	139.931312	13	0.110	-0.095	9.421	3.962
1425604237963	37.494947	139.931314	13	0.097	-0.169	9.703	3.833
1425604238064	37.494944	139.931316	13	0.194	-0.136	9.641	3.709
1425604238164	37.494941	139.931318	13	0.199	-0.036	9.268	3.590
1425604238260	37.494938	139.931319	13	0.097	0.047	9.158	3.479
1425604238361	37.494935	139.931321	13	0.047	0.053	9.237	3.367
1425604238461	37.494932	139.931323	13	0.032	0.043	9.190	3.259
1425604238562	37.494929	139.931322	13	0.054	0.025	9.210	3.313
1425604238663	37.494925	139.931322	13	0.126	-0.015	9.324	3.383
1425604238764	37.494921	139.931321	13	0.200	-0.091	9.438	3.454
1425604238864	37.494916	139.931320	13	0.246	-0.169	9.539	3.527
1425604238965	37.494912	139.931320	13	0.283	-0.198	9.656	3.602
1425604239061	37.494908	139.931319	13	0.281	-0.204	9.826	3.674
1425604239160	37.494904	139.931318	13	0.203	-0.171	9.557	3.751
1425604239262	37.494899	139.931318	13	0.154	-0.092	9.133	3.831
1425604239361	37.494895	139.931317	13	0.094	-0.034	9.091	3.911
1425604239463	37.494890	139.931316	13	0.017	-0.075	9.522	3.994
1425604239562	37.494888	139.931314	14	-0.029	-0.155	9.804	3.925
1425604239660	37.494886	139.931312	14	-0.133	-0.235	9.635	3.846
1425604239760	37.494884	139.931311	14	-0.218	-0.341	9.557	3.767
1425604239861	37.494883	139.931309	14	-0.238	-0.410	9.491	3.688
1425604239962	37.494881	139.931307	14	-0.193	-0.469	9.479	3.612
1425604240063	37.494879	139.931305	14	-0.142	-0.466	9.297	3.537
1425604240163	37.494877	139.931304	14	-0.205	-0.447	9.260	3.464
1425604240264	37.494875	139.931302	14	-0.272	-0.319	9.509	3.392
1425604240360	37.494874	139.931301	14	-0.316	-0.232	9.711	3.325
1425604240460	37.494872	139.931299	14	-0.284	-0.215	9.708	3.257
1425604240561	37.494869	139.931300	15	-0.143	-0.067	8.986	3.250
1425604240662	37.494865	139.931301	15	0.018	0.026	8.218	3.250
1425604240763	37.494861	139.931302	15	0.186	-0.186	8.967	3.250
1425604240863	37.494857	139.931303	15	0.326	-0.411	9.927	3.250
1425604240964	37.494854	139.931304	15	0.334	-0.547	10.216	3.250
1425604241060	37.494850	139.931305	15	0.331	-0.523	9.754	3.250
1425604241160	37.494846	139.931306	15	0.468	-0.445	9.409	3.250
1425604241261	37.494843	139.931307	15	0.558	-0.323	9.234	3.250
1425604241362	37.494839	139.931308	15	0.414	-0.166	9.168	3.250
1425604241462	37.494835	139.931309	15	0.232	-0.070	9.196	3.250
1425604241563	37.494834	139.931310	15	-0.031	0.044	9.217	3.200
1425604241664	37.494833	139.931311	15	-0.169	0.173	9.252	3.146
1425604241760	37.494832	139.931312	15	-0.153	0.188	9.407	3.096
1425604241860	37.494830	139.931314	15	-0.148	0.026	9.977	3.045
1425604241961	37.494829	139.931315	15	-0.121	0.111	9.695	2.994
1425604242062	37.494828	139.931316	15	0.065	0.079	9.131	2.944
1425604242162	37.494827	139.931317	15	0.262	0.038	9.066	2.895
1425604242263	37.494826	139.931318	15	0.266	0.013	9.492	2.847
1425604242364	37.494825	139.931319	15	0.110	0.051	9.656	2.799
1425604242464	37.494824	139.931320	15	-0.069	0.238	9.172	2.753
1425604242560	37.494819	139.931313	24	-0.144	0.258	9.200	2.792
1425604242661	37.494814	139.931305	24	-0.150	0.278	9.366	2.839
1425604242762	37.494808	139.931296	24	-0.059	0.232	9.332	2.887
1425604242862	37.494803	139.931288	24	0.095	0.170	9.416	2.936
1425604242963	37.494797	139.931279	24	0.227	0.148	9.357	2.986
1425604243064	37.494791	139.931270	24	0.233	-0.048	9.419	3.037
1425604243164	37.494785	139.931261	24	0.337	-0.167	9.425	3.088
1425604243260	37.494780	139.931252	24	0.429	-0.321	9.417	3.138
1425604243361	37.494774	139.931243	24	0.476	-0.437	9.582	3.191
1425604243462	37.494767	139.931234	24	0.409	-0.350	9.568	3.246
1425604243562	37.494764	139.931231	24	0.306	-0.155	9.411	3.201
1425604243663	37.494761	139.931228	24	0.248	0.010	9.206	3.147
1425604243764	37.494758	139.931226	24	0.190	0.114	9.195	3.094
1425604243864	37.494755	139.931223	24	0.144	0.109	9.390	3.043
1425604243960	37.494752	139.931221	24	0.184	0.090	9.444	2.995
1425604244061	37.494749	139.931218	24	0.192	0.047	9.604	2.944
1425604244161	37.494746	139.931216	24	0.185	0.068	9.483	2.896
1425604246256	37.494703	139.931222	15	0.175	0.092	9.368	2.051
1425604257259	37.494222	139.931153	11	0.177	0.092	9.372	6.102
1425604257264	37.494222	139.931153	11	0.182	0.092	9.379	6.100
1425604257364	37.494218	139.931152	11	0.154	0.011	9.401	6.051
1425604257460	37.494213	139.931151	11	0.099	-0.071	9.261	6.005
1425604257561	37.494208	139.931151	11	0.124	-0.168	9.311	5.977
1425604257661	37.494203	139.931150	11	0.141	-0.271	9.762	5.951
1425604257762	37.494198	139.931150	11	0.104	-0.279	9.967	5.926
1425604257863	37.494193	139.931150	11	0.070	-0.225	9.587	5.900
1425604257963	37.494188	139.931150	11	0.029	-0.145	9.234	5.875
1425604258064	37.494183	139.931149	11	0.029	-0.065	9.155	5.850
1425604258160	37.494178	139.931149	11	0.062	-0.045	9.292	5.826
1425604282259	37.492632	139.930776	11	0.078	-0.070	9.412	7.052
1425604282263	37.492632	139.930776	11	0.076	-0.067	9.407	7.051
1425604282360	37.492626	139.930776	11	-0.120	0.005	9.375	7.027
1425604282461	37.492620	139.930775	11	-0.277	-0.014	9.721	7.002
1425604282561	37.492614	139.930774	9	-0.368	-0.049	9.675	6.953
1425604282662	37.492608	139.930773	9	-0.435	-0.029	9.439	6.901
1425604282763	37.492602	139.930772	9	-0.440	0.041	9.219	6.850
1425604282864	37.492596	139.930771	9	-0.415	0.094	9.201	6.799
1425604282964	37.492590	139.930770	9	-0.360	0.088	9.197	6.748
1425604283060	37.492584	139.930770	9	-0.312	0.048	9.228	6.701
1425604283161	37.492578	139.930769	9	-0.261	0.013	9.282	6.651
1425604283261	37.492573	139.930768	9	-0.278	0.008	9.199	6.601
1425604283362	37.492567	139.930767	9	-0.283	0.031	8.949	6.552
1425604283463	37.492561	139.930766	9	-0.221	0.033	8.866	6.503
1425604283563	37.492556	139.930766	10	-0.147	-0.034	9.230	6.426
1425604283664	37.492551	139.930767	10	-0.093	-0.154	9.714	6.347
1425604283760	37.492546	139.930767	10	-0.119	-0.247	9.910	6.273
1425604283861	37.492542	139.930768	10	-0.076	-0.290	9.783	6.196
1425604283961	37.492537	139.930768	10	-0.041	-0.278	9.652	6.120
1425604284062	37.492532	139.930768	10	-0.077	-0.192	9.668	6.045
1425604284163	37.492527	139.930769	10	-0.139	-0.144	9.546	5.970
1425604284263	37.492522	139.930769	10	-0.111	-0.140	9.324	5.898
1425604284364	37.492518	139.930770	10	-0.012	-0.166	9.219	5.825
1425604284460	37.492513	139.930770	10	-0.004	-0.246	9.318	5.757
1425604284561	37.492508	139.930770	10	-0.052	-0.341	9.453	5.727
1425604284661	37.492502	139.930771	10	-0.085	-0.412	9.471	5.701
1425604284762	37.492497	139.930771	10	-0.128	-0.452	9.337	5.676
1425604284863	37.492491	139.930771	10	-0.214	-0.418	9.116	5.650
1425604284963	37.492486	139.930771	10	-0.271	-0.420	9.206	5.625
1425604285064	37.492480	139.930772	10	-0.302	-0.486	9.468	5.600
1425604285160	37.492475	139.930772	10	-0.286	-0.528	9.465	5.576
1425604285260	37.492469	139.930772	10	-0.285	-0.516	9.296	5.552
1425604285361	37.492464	139.930773	10	-0.324	-0.469	9.226	5.527
1425604285462	37.492458	139.930773	10	-0.419	-0.428	9.392	5.502
1425604285563	37.492454	139.930773	10	-0.458	-0.424	9.453	5.426
1425604285663	37.492449	139.930774	10	-0.547	-0.456	9.471	5.347
1425604285764	37.492444	139.930775	10	-0.563	-0.461	9.411	5.268
1425604285860	37.492440	139.930775	10	-0.512	-0.467	9.302	5.194
1425604285960	37.492435	139.930776	10	-0.422	-0.442	9.332	5.119
1425604286061	37.492431	139.930776	10	-0.359	-0.488	9.582	5.043
1425604286162	37.492426	139.930777	10	-0.297	-0.552	9.559	4.969
1425604286262	37.492422	139.930777	10	-0.248	-0.581	9.436	4.897
1425604286363	37.492418	139.930778	10	-0.161	-0.540	9.338	4.825
1425604286464	37.492413	139.930778	10	-0.161	-0.530	9.287	4.754
1425604286565	37.492410	139.930779	10	-0.101	-0.572	9.483	4.673
1425604286660	37.492407	139.930779	10	-0.002	-0.555	9.632	4.598
1425604286761	37.492403	139.930780	10	0.113	-0.536	9.478	4.518
1425604286862	37.492400	139.930780	10	0.177	-0.525	9.318	4.441
1425604286962	37.492397	139.930781	10	0.272	-0.479	9.289	4.365
1425604287063	37.492394	139.930781	10	0.323	-0.490	9.250	4.290
1425604287164	37.492391	139.930782	10	0.357	-0.549	9.312	4.216
1425604287260	37.492388	139.930782	10	0.428	-0.600	9.467	4.147
1425604287360	37.492385	139.930782	10	0.472	-0.603	9.438	4.076
1425604287461	37.492382	139.930783	10	0.440	-0.605	9.460	4.006
1425604287562	37.492379	139.930784	10	0.335	-0.593	9.475	3.951
1425604287662	37.492375	139.930784	10	0.206	-0.545	9.217	3.899
1425604287763	37.492372	139.930785	10	0.196	-0.520	9.264	3.847
1425604287864	37.492368	139.930786	10	0.245	-0.582	9.429	3.795
1425604287964	37.492365	139.930787	10	0.324	-0.652	9.486	3.745
1425604288060	37.492362	139.930787	10	0.366	-0.669	9.383	3.697
1425604288161	37.492359	139.930788	10	0.367	-0.718	9.406	3.647
1425604288261	37.492356	139.930789	10	0.394	-0.791	9.494	3.599
1425604288362	37.492352	139.930789	10	0.393	-0.815	9.462	3.551
1425604288463	37.492349	139.930790	10	0.339	-0.820	9.306	3.503
1425604288564	37.492346	139.930790	10	0.227	-0.826	9.503	3.422
1425604288664	37.492344	139.930790	10	0.075	-0.865	9.577	3.340
1425604288760	37.492341	139.930790	10	-0.004	-0.851	9.406	3.264
1425604288861	37.492339	139.930790	10	-0.045	-0.877	9.417	3.185
1425604288961	37.492337	139.930791	10	0.005	-0.849	9.476	3.109
1425604289062	37.492334	139.930791	10	-0.005	-0.834	9.323	3.034
1425604289163	37.492332	139.930791	10	-0.028	-0.819	9.333	2.961
1425604289264	37.492329	139.930791	10	0.015	-0.733	9.608	2.890
1425604289364	37.492327	139.930791	10	0.069	-0.647	9.583	2.821
1425604289460	37.492325	139.930791	10	0.105	-0.555	9.377	2.757
1425604289561	37.492323	139.930790	10	0.072	-0.496	9.318	2.641
1425604289661	37.492322	139.930789	10	0.000	-0.454	9.347	2.525
1425604289762	37.492320	139.930789	10	-0.076	-0.438	9.339	2.412
1425604289863	37.492318	139.930788	10	-0.139	-0.482	9.407	2.304
1425604289963	37.492317	139.930787	10	-0.153	-0.564	9.411	2.201
1425604290064	37.492315	139.930786	10	-0.130	-0.632	9.342	2.102
1425604290160	37.492314	139.930786	10	-0.101	-0.734	9.438	2.012
1425604290261	37.492313	139.930785	10	-0.091	-0.803	9.509	1.922
1425604290361	37.492311	139.930785	10	-0.090	-0.847	9.389	1.837
1425604290462	37.492310	139.930784	10	-0.068	-0.759	9.404	1.756
1425604290563	37.492309	139.930783	10	-0.059	-0.658	9.514	1.663
1425604290663	37.492308	139.930782	10	-0.056	-0.582	9.434	1.573
1425604290764	37.492307	139.930781	10	-0.033	-0.527	9.299	1.487
1425604290860	37.492306	139.930780	10	-0.002	-0.544	9.339	1.409
1425604290960	37.492305	139.930779	10	0.039	-0.581	9.403	1.331
1425604291061	37.492304	139.930778	10	0.093	-0.618	9.431	1.257
1425604291162	37.492303	139.930777	10	0.138	-0.653	9.462	1.187
1425604291263	37.492302	139.930776	10	0.156	-0.665	9.448	1.122
1425604291363	37.492302	139.930776	10	0.151	-0.657	9.348	1.061
1425604291464	37.492301	139.930775	10	0.093	-0.640	9.371	1.003
1425604291560	37.492301	139.930775	10	0.057	-0.638	9.503	0.896
1425604291660	37.492300	139.930774	10	0.041	-0.639	9.433	0.788
1425604291761	37.492300	139.930774	10	0.054	-0.639	9.329	0.689
1425604291862	37.492300	139.930773	10	0.104	-0.641	9.355	0.599
1425604291963	37.492300	139.930773	10	0.129	-0.648	9.386	0.518
1425604292063	37.492300	139.930773	10	0.154	-0.655	9.409	0.447
1425604292164	37.492299	139.930773	10	0.145	-0.624	9.392	0.384
1425604292260	37.492299	139.930772	10	0.212	-0.439	9.467	0.333
1425604292360	37.492299	139.930772	10	0.302	-0.125	9.501	0.288
1425604292461	37.492299	139.930772	10	0.376	0.113	9.378	0.253
1425604292562	37.492300	139.930772	10	0.424	0.202	9.150	0.206
1425604292662	37.492302	139.930771	10	0.420	0.188	9.140	0.163
1425604292763	37.492303	139.930771	10	0.401	0.143	9.416	0.125
1425604292864	37.492304	139.930771	10	0.381	0.103	9.575	0.092
1425604292960	37.492305	139.930771	10	0.375	0.099	9.464	0.065
1425604293060	37.492306	139.930770	10	0.393	0.111	9.320	0.042
1425604293161	37.492306	139.930770	10	0.408	0.126	9.330	0.024
1425604293262	37.492307	139.930770	10	0.407	0.100	9.442	0.011
1425604293362	37.492307	139.930770	10	0.394	0.075	9.466	0.003
1425604293564	37.492307	139.930770	13	0.354	0.037	9.317	0.002
1425604293664	37.492307	139.930770	13	0.348	0.011	9.393	0.009
1425604293760	37.492307	139.930771	13	0.363	0.010	9.469	0.021
1425604293861	37.492307	139.930771	13	0.393	0.024	9.461	0.038
1425604293962	37.492307	139.930772	13	0.417	0.060	9.371	0.061
1425604294062	37.492308	139.930773	13	0.412	0.094	9.332	0.088
1425604294163	37.492308	139.930774	13	0.392	0.100	9.377	0.120
1425604294264	37.492308	139.930776	13	0.388	0.112	9.424	0.158
1425604294364	37.492309	139.930777	13	0.394	0.127	9.394	0.200
1425604294460	37.492309	139.930779	13	0.413	0.127	9.367	0.245
1425604294561	37.492311	139.930778	13	0.431	0.146	9.372	0.207
1425604294662	37.492312	139.930777	13	0.419	0.132	9.383	0.163
1425604294762	37.492313	139.930776	13	0.401	0.106	9.386	0.125
1425604294863	37.492315	139.930775	13	0.388	0.100	9.364	0.092
1425604294964	37.492316	139.930774	13	0.377	0.097	9.352	0.064
1425604295064	37.492317	139.930773	13	0.387	0.073	9.395	0.041
1425604295160	37.492317	139.930773	13	0.396	0.063	9.411	0.024
1425604354255	37.490535	139.930342	12	0.377	0.042	9.391	8.706
1425604354260	37.490535	139.930342	12	0.381	0.039	9.388	8.701
1425604354361	37.490529	139.930338	12	0.242	-0.443	9.382	8.604
1425604354462	37.490523	139.930335	12	0.057	-0.828	9.618	8.508
1425604354563	37.490516	139.930333	12	-0.064	-0.981	9.343	8.427
1425604354663	37.490509	139.930330	12	-0.185	-0.976	9.279	8.350
1425604354764	37.490502	139.930328	12	-0.326	-1.070	9.481	8.272
1425604354860	37.490495	139.930325	12	-0.292	-1.058	9.265	8.199
1425604354960	37.490488	139.930323	12	-0.287	-1.126	9.347	8.124
1425604355061	37.490481	139.930321	12	-0.264	-1.116	9.302	8.048
1425604355162	37.490475	139.930318	12	-0.248	-1.211	9.469	7.974
1425604355263	37.490468	139.930316	12	-0.258	-1.292	9.707	7.900
1425604355363	37.490461	139.930313	12	-0.186	-1.268	9.261	7.827
1425604355464	37.490454	139.930311	12	-0.152	-1.334	9.355	7.754
1425604355560	37.490448	139.930310	11	-0.158	-1.396	9.458	7.629
1425604355660	37.490442	139.930309	11	-0.279	-1.402	9.481	7.496
1425604355761	37.490436	139.930308	11	-0.362	-1.302	9.280	7.364
1425604355862	37.490430	139.930306	11	-0.375	-1.231	8.779	7.234
1425604355962	37.490425	139.930305	11	-0.326	-1.251	8.961	7.108
1425604356063	37.490419	139.930304	11	-0.262	-1.323	9.580	6.982
1425604356164	37.490413	139.930303	11	-0.312	-1.385	10.285	6.859
1425604356260	37.490408	139.930302	11	-0.248	-1.374	10.288	6.744
1425604356360	37.490403	139.930301	11	-0.173	-1.218	9.131	6.627
1425604356461	37.490397	139.930300	11	-0.196	-1.077	9.013	6.510
1425604356562	37.490391	139.930300	12	-0.189	-1.028	9.500	6.374
1425604356663	37.490385	139.930300	12	-0.131	-0.912	9.751	6.238
1425604356763	37.490378	139.930301	12	-0.045	-0.744	9.423	6.106
1425604356864	37.490372	139.930301	12	0.018	-0.627	8.979	5.976
1425604356960	37.490367	139.930301	12	-0.074	-0.584	8.964	5.854
1425604357060	37.490361	139.930301	12	-0.163	-0.598	9.258	5.730
1425604357161	37.490355	139.930301	12	-0.153	-0.731	9.849	5.608
1425604357262	37.490349	139.930302	12	-0.106	-0.822	10.013	5.488
1425604357362	37.490344	139.930302	12	-0.145	-0.770	9.341	5.372
1425604357463	37.490338	139.930302	12	-0.221	-0.769	8.954	5.258
1425604357564	37.490334	139.930303	12	-0.315	-0.750	9.041	5.147
1425604357664	37.490330	139.930304	12	-0.416	-0.765	9.379	5.040
1425604357760	37.490326	139.930305	12	-0.487	-0.805	9.554	4.938
1425604357861	37.490323	139.930306	12	-0.471	-0.806	9.415	4.834
1425604357962	37.490319	139.930307	12	-0.419	-0.702	8.954	4.732
1425604358062	37.490315	139.930308	12	-0.396	-0.727	9.190	4.633
1425604358163	37.490312	139.930309	12	-0.568	-0.688	9.676	4.535
1425604358264	37.490308	139.930310	12	-0.838	-0.654	9.861	4.439
1425604358364	37.490305	139.930311	12	-0.956	-0.538	9.735	4.346
1425604358460	37.490301	139.930312	12	-1.042	-0.436	9.211	4.259
1425604358561	37.490298	139.930314	11	-1.163	-0.438	9.467	4.148
1425604358661	37.490295	139.930316	11	-1.199	-0.440	9.618	4.038
1425604358762	37.490292	139.930318	11	-1.376	-0.296	9.235	3.930
1425604358863	37.490289	139.930320	11	-1.633	-0.210	8.949	3.825
1425604358964	37.490286	139.930322	11	-1.732	-0.259	9.285	3.723
1425604359064	37.490283	139.930324	11	-1.726	-0.385	9.816	3.624
1425604359160	37.490280	139.930326	11	-1.746	-0.434	9.977	3.531
1425604359261	37.490277	139.930327	11	-1.816	-0.417	9.525	3.437
1425604359361	37.490275	139.930329	11	-1.772	-0.330	8.697	3.346
1425604359462	37.490272	139.930331	11	-1.740	-0.439	8.710	3.257
1425604359563	37.490271	139.930334	11	-1.773	-0.605	9.410	3.172
1425604359663	37.490269	139.930337	11	-1.795	-0.812	10.041	3.090
1425604359764	37.490268	139.930340	11	-1.610	-0.886	10.014	3.009
1425604359860	37.490266	139.930343	11	-1.384	-0.752	9.685	2.934
1425604359961	37.490265	139.930346	11	-1.260	-0.480	9.211	2.857
1425604360061	37.490263	139.930348	11	-1.209	-0.407	8.993	2.783
1425604360162	37.490262	139.930351	11	-1.128	-0.477	9.424	2.710
1425604360263	37.490261	139.930354	11	-1.092	-0.547	9.949	2.639
1425604360363	37.490259	139.930356	11	-1.064	-0.508	10.027	2.571
1425604360464	37.490258	139.930359	11	-0.985	-0.195	9.493	2.504
1425604360560	37.490256	139.930361	12	-0.785	0.340	8.819	2.500
1425604360660	37.490254	139.930363	12	-0.766	0.828	8.708	2.500
1425604360761	37.490252	139.930365	12	-1.114	1.047	9.112	2.500
1425604360862	37.490251	139.930366	12	-1.640	0.988	9.393	2.500
1425604360963	37.490249	139.930368	12	-1.993	0.587	9.292	2.500
1425604361063	37.490247	139.930370	12	-1.811	0.155	9.843	2.500
1425604361164	37.490245	139.930372	12	-1.358	0.326	10.059	2.500
1425604385258	37.490049	139.932607	11	-0.947	0.703	9.395	9.500
