measurement_ms	latitude	longitude	gps_error_meter	accel_x_transverse	accel_y_longitudinal	accel_z_vertical	speed
1427674971827	37.490462	139.928066	7	0.145	0.162	9.559	3.258
1427674971832	37.490462	139.928066	7	0.147	0.160	9.557	3.256
1427674971928	37.490463	139.928061	7	0.340	-0.014	9.486	3.208
1427674972029	37.490463	139.928057	7	0.490	-0.146	9.554	3.157
1427674972129	37.490464	139.928052	7	0.523	-0.192	9.674	3.109
1427674972230	37.490465	139.928048	7	0.612	-0.261	9.502	3.060
1427674972331	37.490465	139.928044	7	0.678	-0.316	9.552	3.013
1427674972432	37.490466	139.928039	7	0.755	-0.316	9.676	2.966
1427674972532	37.490467	139.928035	7	0.864	-0.402	9.528	2.920
1427674972628	37.490467	139.928031	7	0.852	-0.432	9.646	2.877
1427674972729	37.490468	139.928027	7	0.853	-0.468	9.709	2.832
1427674972829	37.490468	139.928023	7	0.894	-0.552	9.690	2.789
1427674972930	37.490469	139.928020	7	0.907	-0.460	9.706	2.747
1427674973031	37.490469	139.928017	7	0.914	-0.272	9.667	2.721
1427674973131	37.490470	139.928013	7	0.796	-0.179	9.694	2.695
1427674973232	37.490470	139.928010	7	0.707	-0.134	9.506	2.669
1427674973328	37.490470	139.928007	7	0.657	-0.172	9.462	2.645
1427674973428	37.490471	139.928004	7	0.552	-0.172	9.708	2.620
1427674973529	37.490471	139.928001	7	0.562	-0.194	9.626	2.595
1427674973630	37.490471	139.927998	7	0.599	-0.257	9.553	2.570
1427674973731	37.490471	139.927995	7	0.606	-0.253	9.551	2.545
1427674973831	37.490472	139.927993	7	0.743	-0.253	9.490	2.521
1427674973932	37.490472	139.927990	4	0.785	-0.279	9.694	2.493
1427674974028	37.490472	139.927987	4	0.797	-0.272	9.718	2.441
1427674974128	37.490472	139.927985	4	0.848	-0.320	9.576	2.387
1427674974229	37.490473	139.927983	4	0.844	-0.338	9.646	2.334
1427674974330	37.490473	139.927980	4	0.885	-0.342	9.623	2.282
1427674974431	37.490473	139.927978	4	0.935	-0.406	9.547	2.231
1427674974531	37.490473	139.927976	4	0.928	-0.412	9.669	2.181
1427674974632	37.490473	139.927974	4	0.977	-0.422	9.617	2.133
1427674974728	37.490474	139.927972	4	0.983	-0.426	9.630	2.087
1427674974828	37.490474	139.927970	4	0.946	-0.297	9.675	2.041
1427674974929	37.490474	139.927968	4	0.980	-0.242	9.528	1.995
1427674975030	37.490474	139.927966	4	0.913	-0.247	9.613	1.938
1427674975130	37.490474	139.927964	4	0.689	-0.088	9.803	1.883
1427674975231	37.490475	139.927963	4	0.515	0.016	9.690	1.829
1427674975332	37.490475	139.927961	4	0.330	0.088	9.556	1.777
1427674975428	37.490475	139.927960	4	0.185	0.178	9.493	1.728
1427674975528	37.490475	139.927958	4	0.214	0.179	9.402	1.679
1427674975629	37.490475	139.927957	4	0.205	0.238	9.677	1.631
1427674975730	37.490476	139.927956	4	0.258	0.301	9.742	1.584
1427674975830	37.490476	139.927954	4	0.286	0.229	9.629	1.539
1427674975931	37.490476	139.927953	5	0.246	0.236	9.594	1.500
1427674976032	37.490476	139.927951	5	0.343	0.186	9.470	1.500
1427674976133	37.490477	139.927949	5	0.393	0.128	9.635	1.500
1427674976228	37.490477	139.927947	5	0.445	0.090	9.708	1.500
1427674976329	37.490478	139.927946	5	0.524	0.017	9.505	1.500
1427674976430	37.490478	139.927944	5	0.460	0.042	9.569	1.500
1427674976530	37.490478	139.927942	5	0.478	0.049	9.506	1.500
1427674976631	37.490479	139.927940	5	0.476	-0.043	9.507	1.500
1427674976732	37.490479	139.927938	5	0.387	0.002	9.706	1.500
1427674976832	37.490480	139.927937	5	0.364	0.096	9.707	1.500
1427674976928	37.490480	139.927935	6	0.401	0.100	9.496	1.500
1427674977029	37.490480	139.927933	6	0.325	0.163	9.588	1.500
1427674977130	37.490481	139.927931	6	0.297	0.236	9.645	1.500
1427674977230	37.490481	139.927930	6	0.315	0.176	9.579	1.500
1427674977331	37.490481	139.927928	6	0.222	0.191	9.663	1.500
1427674977432	37.490482	139.927926	6	0.235	0.201	9.575	1.500
1427674977532	37.490482	139.927925	6	0.266	0.137	9.563	1.500
1427674977628	37.490482	139.927923	6	0.238	0.204	9.715	1.500
1427674977729	37.490482	139.927921	6	0.297	0.226	9.625	1.500
1427674977829	37.490483	139.927920	6	0.311	0.172	9.603	1.500
1427674977930	37.490483	139.927918	10	0.245	0.229	9.709	1.479
1427674978031	37.490482	139.927922	10	0.280	0.222	9.615	1.273
1427674978131	37.490481	139.927925	10	0.212	0.199	9.688	1.088
1427674978232	37.490481	139.927927	10	0.189	0.274	9.638	0.918
1427674978328	37.490480	139.927930	10	0.196	0.303	9.542	0.774
1427674978429	37.490480	139.927932	10	0.105	0.340	9.630	0.641
1427674978529	37.490479	139.927934	10	0.148	0.364	9.510	0.526
1427674978630	37.490479	139.927935	10	0.171	0.299	9.532	0.429
1427674978731	37.490478	139.927936	10	0.137	0.305	9.698	0.349
1427675009829	37.490711	139.926548	9	0.202	0.327	9.589	5.703
1427675009930	37.490713	139.926539	8	0.142	0.326	8.976	5.750
1427675010031	37.490712	139.926532	8	0.159	0.394	9.320	5.750
1427675010132	37.490710	139.926525	8	0.363	0.513	9.977	5.750
1427675010232	37.490709	139.926518	8	0.497	0.558	10.041	5.750
1427675010328	37.490708	139.926511	8	0.526	0.594	9.670	5.750
1427675010429	37.490706	139.926504	8	0.534	0.644	9.301	5.750
1427675010529	37.490705	139.926497	8	0.613	0.757	9.476	5.750
1427675010630	37.490704	139.926490	8	0.604	0.733	9.863	5.750
1427675010731	37.490702	139.926483	8	0.500	0.517	9.857	5.750
1427675080829	37.491168	139.921983	6	0.356	0.453	9.548	5.044
1427675080929	37.491169	139.921977	5	0.242	0.303	9.587	5.000
1427675081030	37.491170	139.921972	5	0.345	0.054	9.277	5.000
1427675081131	37.491170	139.921966	5	0.343	-0.103	9.360	5.000
1427675081231	37.491171	139.921961	5	0.433	-0.263	9.707	5.000
1427675081332	37.491171	139.921955	5	0.603	-0.413	9.783	5.000
1427675081428	37.491172	139.921950	5	0.616	-0.402	9.652	5.000
1427675081528	37.491173	139.921944	5	0.623	-0.373	9.528	5.000
1427675081629	37.491173	139.921938	5	0.724	-0.404	9.231	5.000
1427675081730	37.491174	139.921933	5	0.715	-0.374	9.442	5.000
1427675081831	37.491174	139.921927	5	0.705	-0.350	9.641	5.000
1427675081931	37.491175	139.921922	9	0.765	-0.418	9.576	4.977
1427675082032	37.491179	139.921919	9	0.727	-0.438	9.789	4.767
1427675082128	37.491182	139.921917	9	0.686	-0.430	9.754	4.575
1427675082228	37.491185	139.921915	9	0.704	-0.533	9.405	4.382
1427675082329	37.491188	139.921912	9	0.730	-0.564	9.493	4.195
1427675082430	37.491191	139.921910	9	0.769	-0.533	9.776	4.015
1427675082530	37.491193	139.921908	9	0.831	-0.563	9.599	3.844
1427675082631	37.491196	139.921906	9	0.825	-0.574	9.490	3.679
1427675082732	37.491199	139.921904	9	0.849	-0.597	9.643	3.522
1427675082828	37.491201	139.921903	9	0.890	-0.569	9.778	3.380
1427675082928	37.491203	139.921901	9	0.909	-0.636	9.634	3.248
1427675083029	37.491204	139.921897	9	0.869	-0.646	9.617	3.222
1427675083130	37.491205	139.921893	9	0.864	-0.585	9.671	3.196
1427675083230	37.491206	139.921889	9	0.950	-0.620	9.467	3.170
1427675083331	37.491208	139.921885	9	0.918	-0.660	9.500	3.145
1427675083432	37.491209	139.921881	9	0.869	-0.651	9.760	3.120
1427675083528	37.491210	139.921877	9	0.936	-0.614	9.741	3.096
1427675083628	37.491211	139.921873	9	1.013	-0.632	9.675	3.071
1427675083729	37.491212	139.921869	9	0.984	-0.594	9.572	3.046
1427675083830	37.491213	139.921865	9	0.962	-0.567	9.550	3.022
1427675083930	37.491214	139.921862	10	0.931	-0.575	9.613	2.988
1427675084031	37.491215	139.921859	10	0.904	-0.656	9.769	2.869
1427675084132	37.491215	139.921857	10	0.787	-0.546	9.762	2.755
1427675084232	37.491215	139.921854	10	0.755	-0.442	9.541	2.645
1427675084328	37.491216	139.921852	10	0.777	-0.353	9.521	2.544
1427675084429	37.491216	139.921850	10	0.848	-0.404	9.589	2.441
1427675084530	37.491217	139.921848	10	0.853	-0.432	9.721	2.342
1427675084630	37.491217	139.921845	10	0.799	-0.399	9.764	2.249
1427675084731	37.491217	139.921843	10	0.767	-0.368	9.607	2.158
1427675084832	37.491218	139.921842	10	0.637	-0.289	9.608	2.072
1427675084932	37.491218	139.921840	12	0.497	-0.196	9.612	1.984
1427675085028	37.491220	139.921839	12	0.464	-0.177	9.484	1.860
1427675085129	37.491222	139.921838	12	0.419	-0.202	9.521	1.736
1427675085229	37.491223	139.921837	12	0.366	-0.194	9.672	1.620
1427675085330	37.491225	139.921837	12	0.378	-0.171	9.626	1.509
1427675085431	37.491226	139.921836	12	0.431	-0.165	9.516	1.406
1427675085532	37.491228	139.921835	12	0.418	-0.140	9.554	1.309
1427675085632	37.491229	139.921835	12	0.409	-0.070	9.698	1.220
1427675085728	37.491230	139.921834	12	0.454	-0.090	9.622	1.140
1427675085829	37.491231	139.921833	12	0.447	-0.141	9.592	1.063
1427675085929	37.491232	139.921833	12	0.375	-0.116	9.653	0.994
1427675086030	37.491233	139.921832	12	0.392	-0.120	9.567	0.929
1427675086131	37.491234	139.921831	12	0.362	-0.089	9.585	0.867
1427675086232	37.491235	139.921830	12	0.204	0.025	9.733	0.808
1427675086332	37.491235	139.921830	12	0.102	0.132	9.657	0.754
1427675086428	37.491236	139.921829	12	0.091	0.172	9.412	0.704
1427675086529	37.491237	139.921828	12	0.040	0.191	9.487	0.656
1427675086629	37.491237	139.921828	12	0.035	0.243	9.634	0.611
1427675086730	37.491238	139.921827	12	0.087	0.224	9.606	0.569
1427675086831	37.491239	139.921826	12	0.038	0.222	9.664	0.531
1427675086931	37.491239	139.921826	11	-0.026	0.241	9.647	0.496
1427675087032	37.491240	139.921827	11	0.026	0.225	9.521	0.464
1427675087128	37.491241	139.921828	11	0.033	0.193	9.642	0.434
1427675087229	37.491242	139.921829	11	0.027	0.230	9.760	0.405
1427675087329	37.491242	139.921829	11	0.078	0.215	9.590	0.378
1427675087430	37.491243	139.921830	11	0.028	0.220	9.610	0.352
1427675087531	37.491244	139.921831	11	0.039	0.235	9.588	0.327
1427675087631	37.491244	139.921831	11	0.084	0.183	9.550	0.305
1427675087732	37.491245	139.921832	11	0.026	0.206	9.689	0.284
1427675087828	37.491246	139.921833	11	0.027	0.233	9.665	0.266
1427675087928	37.491246	139.921833	10	0.077	0.180	9.497	0.250
1427675088029	37.491245	139.921833	10	0.058	0.189	9.593	0.250
1427675088130	37.491245	139.921833	10	0.049	0.247	9.729	0.250
1427675088231	37.491244	139.921832	10	0.100	0.249	9.611	0.250
1427675088331	37.491243	139.921832	10	0.103	0.187	9.577	0.250
1427675088432	37.491242	139.921832	10	0.032	0.222	9.680	0.250
1427675088528	37.491242	139.921832	10	0.057	0.188	9.545	0.250
1427675088628	37.491241	139.921832	10	0.045	0.136	9.604	0.250
1427675088729	37.491240	139.921831	10	0.037	0.208	9.710	0.250
1427675088830	37.491240	139.921831	10	0.101	0.211	9.595	0.250
1427675088931	37.491239	139.921831	8	0.105	0.203	9.645	0.250
1427675089031	37.491239	139.921830	8	0.084	0.227	9.705	0.250
1427675089132	37.491239	139.921828	8	0.122	0.191	9.569	0.250
1427675089228	37.491239	139.921827	8	0.122	0.144	9.551	0.250
1427675089328	37.491239	139.921826	8	0.079	0.154	9.645	0.250
1427675089429	37.491240	139.921825	8	0.115	0.145	9.614	0.250
1427675089530	37.491240	139.921824	8	0.136	0.114	9.610	0.250
1427675089630	37.491240	139.921822	8	0.078	0.157	9.673	0.250
1427675089731	37.491240	139.921821	8	0.112	0.179	9.592	0.250
1427675089832	37.491240	139.921820	8	0.172	0.138	9.537	0.250
1427675089928	37.491240	139.921819	7	0.167	0.121	9.644	0.246
1427675090028	37.491239	139.921818	7	0.183	0.116	9.689	0.199
1427675090129	37.491238	139.921818	7	0.239	0.064	9.516	0.156
1427675090230	37.491237	139.921817	7	0.237	0.030	9.553	0.119
1427675090330	37.491237	139.921817	7	0.233	0.042	9.634	0.087
1427675090431	37.491236	139.921817	7	0.287	0.032	9.586	0.060
1427675090532	37.491236	139.921816	7	0.303	0.002	9.613	0.038
1427675090628	37.491235	139.921816	7	0.226	0.077	9.703	0.021
1427675090728	37.491235	139.921816	7	0.134	0.174	9.675	0.009
1427675090829	37.491235	139.921816	7	0.082	0.192	9.537	0.002
1427675147830	37.491356	139.920441	10	0.078	0.191	9.530	4.772
1427675147930	37.491356	139.920435	9	-0.009	0.043	9.614	4.745
1427675148031	37.491355	139.920430	9	-0.016	-0.035	9.530	4.692
1427675148132	37.491355	139.920425	9	-0.024	0.008	9.389	4.639
1427675148232	37.491354	139.920420	9	-0.052	-0.083	9.528	4.588
1427675148328	37.491354	139.920415	9	-0.071	-0.146	9.716	4.539
1427675148429	37.491353	139.920410	9	-0.102	-0.136	9.771	4.489
1427675148529	37.491353	139.920406	9	-0.171	-0.107	9.649	4.439
1427675148630	37.491352	139.920401	9	-0.202	-0.026	9.469	4.389
1427675148731	37.491352	139.920396	9	-0.162	0.013	9.753	4.340
1427675171828	37.491489	139.919014	7	-0.194	0.102	9.644	5.022
1427675171929	37.491487	139.919009	7	-0.096	0.054	9.569	4.998
1427675172030	37.491489	139.919004	7	0.019	0.103	9.347	4.972
1427675172130	37.491492	139.918999	7	0.115	0.032	9.463	4.946
1427675172231	37.491494	139.918995	7	0.153	-0.034	9.774	4.921
1427675172332	37.491496	139.918990	7	0.197	-0.089	10.010	4.895
1427675172433	37.491498	139.918986	7	0.093	-0.118	9.721	4.870
1427675172528	37.491500	139.918981	7	0.047	-0.049	9.410	4.846
1427675172629	37.491502	139.918977	7	-0.017	0.009	9.289	4.821
1427675172730	37.491504	139.918972	7	-0.020	-0.041	9.425	4.797
1427675172830	37.491506	139.918968	7	-0.042	-0.180	9.696	4.772
1427675172931	37.491508	139.918963	5	-0.058	-0.221	9.824	4.747
1427675173032	37.491509	139.918958	5	-0.047	-0.204	9.748	4.721
1427675173132	37.491510	139.918952	5	-0.038	-0.201	9.536	4.696
1427675173228	37.491510	139.918947	5	-0.063	-0.200	9.474	4.672
1427675173329	37.491511	139.918942	5	-0.102	-0.115	8.998	4.646
1427675173430	37.491512	139.918936	5	-0.042	-0.077	9.392	4.621
1427675173530	37.491512	139.918931	5	0.045	-0.070	9.996	4.596
1427675173631	37.491513	139.918925	5	0.108	-0.091	10.096	4.571
1427675173732	37.491514	139.918920	5	0.090	-0.074	9.791	4.546
1427675173832	37.491514	139.918915	5	0.032	-0.051	9.525	4.521
1427675173928	37.491515	139.918910	5	-0.007	-0.062	9.348	4.500
1427675174029	37.491515	139.918904	5	-0.028	-0.147	9.517	4.500
1427675174130	37.491515	139.918898	5	-0.036	-0.194	9.779	4.500
1427675174230	37.491516	139.918892	5	0.024	-0.158	9.877	4.500
1427675174331	37.491516	139.918886	5	0.051	-0.175	10.193	4.500
1427675174432	37.491516	139.918880	5	-0.083	-0.132	9.565	4.500
1427675174532	37.491516	139.918874	5	-0.000	0.018	9.658	4.500
1427675174628	37.491516	139.918868	5	-0.015	0.129	9.018	4.500
1427675174729	37.491517	139.918862	5	-0.138	0.033	8.938	4.500
1427675174829	37.491517	139.918856	5	-0.003	0.090	9.438	4.500
1427675174930	37.491517	139.918851	5	0.179	0.123	10.092	4.497
1427675175031	37.491518	139.918846	5	0.205	0.022	10.497	4.472
1427675175132	37.491519	139.918841	5	0.160	0.019	9.975	4.446
1427675175232	37.491519	139.918836	5	0.050	-0.005	9.436	4.420
1427675175328	37.491520	139.918832	5	-0.036	-0.017	9.150	4.396
1427675175429	37.491521	139.918827	5	-0.031	-0.253	9.707	4.371
1427675175529	37.491521	139.918822	5	-0.041	-0.121	9.723	4.346
1427675175630	37.491522	139.918817	5	0.081	0.145	9.364	4.321
1427675175731	37.491523	139.918813	5	0.105	0.198	9.518	4.296
1427675177830	37.491536	139.918722	4	0.033	0.051	9.921	3.772
1427675179830	37.491540	139.918637	4	0.027	0.050	9.934	3.750
1427675179930	37.491540	139.918633	4	0.242	-0.183	9.762	3.731
1427675180031	37.491540	139.918631	4	0.387	-0.363	9.795	3.546
1427675180132	37.491540	139.918628	4	0.561	-0.445	9.742	3.369
1427675180232	37.491540	139.918626	4	0.669	-0.402	9.771	3.202
1427675180328	37.491540	139.918625	4	0.786	-0.248	9.548	3.047
1427675180429	37.491539	139.918623	4	0.811	-0.243	9.456	2.893
1427675180529	37.491539	139.918621	4	0.771	-0.307	9.656	2.747
1427675180630	37.491539	139.918619	4	0.815	-0.445	9.716	2.608
1427675180731	37.491539	139.918618	4	0.730	-0.463	9.758	2.476
1427675180832	37.491539	139.918616	4	0.729	-0.431	9.577	2.352
1427675180932	37.491539	139.918615	4	0.728	-0.492	9.565	2.243
1427675181028	37.491539	139.918613	4	0.690	-0.491	9.673	2.190
1427675181129	37.491539	139.918611	4	0.745	-0.504	9.630	2.135
1427675181229	37.491539	139.918609	4	0.687	-0.434	9.764	2.082
1427675181330	37.491539	139.918607	4	0.613	-0.230	9.553	2.030
1427675181431	37.491540	139.918605	4	0.567	-0.116	9.217	1.979
1427675181532	37.491540	139.918603	4	0.474	-0.112	9.516	1.929
1427675181632	37.491540	139.918601	4	0.479	-0.224	9.901	1.881
1427675181728	37.491540	139.918599	4	0.443	-0.359	9.899	1.836
1427675181829	37.491540	139.918598	4	0.359	-0.277	9.711	1.790
1427675181929	37.491540	139.918596	4	0.393	-0.215	9.458	1.748
1427675182030	37.491540	139.918594	4	0.335	-0.149	9.594	1.721
1427675182131	37.491540	139.918593	4	0.370	-0.142	9.444	1.694
1427675182231	37.491540	139.918591	4	0.371	-0.131	9.477	1.668
1427675182332	37.491540	139.918590	4	0.398	-0.043	9.691	1.642
1427675182428	37.491540	139.918588	4	0.487	-0.073	9.674	1.618
1427675182529	37.491540	139.918587	4	0.470	-0.109	9.742	1.593
1427675182629	37.491540	139.918585	4	0.484	-0.166	9.564	1.569
1427675182730	37.491540	139.918584	4	0.418	-0.272	9.596	1.545
1427675182831	37.491540	139.918582	4	0.402	-0.279	9.645	1.521
1427675182931	37.491540	139.918581	5	0.492	-0.311	9.570	1.497
1427675183032	37.491540	139.918580	5	0.504	-0.218	9.720	1.470
1427675183128	37.491541	139.918578	5	0.496	-0.060	9.691	1.444
1427675183228	37.491541	139.918577	5	0.397	0.041	9.652	1.418
1427675183329	37.491542	139.918576	5	0.234	0.110	9.657	1.392
1427675183430	37.491542	139.918575	5	0.184	0.079	9.490	1.367
1427675183531	37.491543	139.918573	5	0.107	0.049	9.593	1.342
1427675183631	37.491543	139.918572	5	0.124	0.098	9.646	1.318
1427675183732	37.491543	139.918571	5	0.188	0.089	9.502	1.294
1427675183828	37.491544	139.918570	5	0.129	0.144	9.557	1.271
1427675183928	37.491544	139.918569	6	0.176	0.134	9.486	1.241
1427675184029	37.491544	139.918569	6	0.143	0.135	9.647	1.137
1427675184130	37.491545	139.918568	6	0.169	0.151	9.603	1.039
1427675184230	37.491545	139.918568	6	0.122	0.135	9.647	0.949
1427675184331	37.491546	139.918568	6	0.094	0.158	9.629	0.864
1427675184432	37.491546	139.918568	6	0.144	0.085	9.499	0.786
1427675184528	37.491546	139.918568	6	0.109	0.137	9.649	0.717
1427675184628	37.491546	139.918567	6	0.141	0.144	9.629	0.653
1427675184729	37.491547	139.918567	6	0.188	0.078	9.532	0.594
1427675184830	37.491547	139.918567	6	0.126	0.123	9.626	0.541
1427675184930	37.491547	139.918567	6	0.137	0.155	9.609	0.497
1427675185031	37.491547	139.918567	6	0.174	0.094	9.583	0.464
1427675185132	37.491547	139.918568	6	0.141	0.125	9.658	0.433
1427675185228	37.491547	139.918568	6	0.170	0.091	9.568	0.405
1427675185328	37.491547	139.918568	6	0.104	0.120	9.680	0.378
1427675185429	37.491546	139.918568	6	0.141	0.127	9.598	0.352
1427675185530	37.491546	139.918568	6	0.160	0.091	9.599	0.328
1427675185630	37.491546	139.918569	6	0.148	0.149	9.653	0.305
1427675185731	37.491546	139.918569	6	0.153	0.124	9.607	0.284
1427675205827	37.491611	139.918430	5	0.082	0.195	9.708	1.021
1427675205832	37.491611	139.918430	5	0.085	0.196	9.712	1.020
1427675205928	37.491612	139.918430	4	0.295	0.190	9.844	1.000
1427675206029	37.491613	139.918430	4	0.458	0.186	9.678	1.000
1427675206129	37.491614	139.918430	4	0.475	0.197	9.492	1.000
1427675206230	37.491615	139.918430	4	0.425	0.156	9.431	1.000
1427675206331	37.491617	139.918430	4	0.381	0.103	9.610	1.000
1427675206432	37.491618	139.918429	4	0.309	0.071	9.679	1.000
1427675206532	37.491619	139.918429	4	0.263	0.083	9.670	1.000
1427675206628	37.491620	139.918429	4	0.295	0.142	9.678	1.000
1427675206729	37.491621	139.918429	4	0.320	0.204	9.645	1.000
1427675206829	37.491622	139.918429	4	0.351	0.170	9.485	1.000
1427675206930	37.491623	139.918429	5	0.331	0.105	9.511	1.000
1427675207031	37.491624	139.918428	5	0.310	0.048	9.605	1.000
1427675207132	37.491626	139.918428	5	0.315	0.121	9.776	1.000
1427675207232	37.491627	139.918427	5	0.382	0.240	9.662	1.000
1427675207328	37.491628	139.918427	5	0.439	0.355	9.451	1.000
1427675207429	37.491630	139.918426	5	0.412	0.381	9.407	1.000
1427675207529	37.491631	139.918425	5	0.410	0.387	9.546	1.000
1427675207630	37.491632	139.918425	5	0.389	0.358	9.619	1.000
1427675207731	37.491634	139.918424	5	0.393	0.355	9.670	1.000
1427675207831	37.491635	139.918424	5	0.411	0.332	9.694	1.000
1427675207932	37.491636	139.918423	5	0.393	0.364	9.654	1.003
1427675208028	37.491638	139.918423	5	0.414	0.353	9.525	1.024
1427675208129	37.491639	139.918423	5	0.460	0.275	9.451	1.048
1427675208229	37.491641	139.918422	5	0.535	0.169	9.496	1.071
1427675208330	37.491642	139.918422	5	0.628	0.092	9.630	1.096
1427675208431	37.491644	139.918422	5	0.656	0.049	9.799	1.121
1427675208531	37.491645	139.918422	5	0.585	0.047	9.666	1.146
1427675208632	37.491647	139.918422	5	0.527	0.081	9.514	1.172
1427675208728	37.491649	139.918421	5	0.506	0.156	9.581	1.198
1427675208828	37.491650	139.918421	5	0.510	0.209	9.681	1.225
1427675208929	37.491652	139.918421	5	0.462	0.234	9.693	1.250
1427675209030	37.491654	139.918421	5	0.404	0.188	9.600	1.250
1427675209131	37.491656	139.918421	5	0.309	0.152	9.534	1.250
1427675209231	37.491658	139.918421	5	0.254	0.141	9.635	1.250
1427675209332	37.491659	139.918421	5	0.230	0.185	9.708	1.250
1427675209428	37.491661	139.918420	5	0.228	0.256	9.638	1.250
1427675209528	37.491663	139.918420	5	0.248	0.326	9.551	1.250
1427675209629	37.491665	139.918420	5	0.270	0.350	9.542	1.250
1427675209730	37.491667	139.918420	5	0.271	0.332	9.548	1.250
1427675209831	37.491668	139.918420	5	0.266	0.330	9.633	1.250
1427675209931	37.491670	139.918420	5	0.245	0.362	9.650	1.250
1427675210032	37.491672	139.918420	5	0.242	0.413	9.586	1.250
1427675210128	37.491673	139.918419	5	0.224	0.445	9.478	1.250
1427675210228	37.491675	139.918419	5	0.241	0.466	9.504	1.250
1427675210329	37.491676	139.918418	5	0.262	0.448	9.613	1.250
1427675210430	37.491678	139.918418	5	0.306	0.399	9.680	1.250
1427675210530	37.491679	139.918418	5	0.320	0.328	9.539	1.250
1427675210631	37.491681	139.918417	5	0.342	0.225	9.515	1.250
1427675210732	37.491682	139.918417	5	0.322	0.138	9.644	1.250
1427675210833	37.491684	139.918416	5	0.281	0.145	9.698	1.250
1427675210928	37.491685	139.918416	5	0.262	0.245	9.620	1.250
1427675211029	37.491687	139.918415	5	0.281	0.366	9.533	1.250
1427675211130	37.491689	139.918415	5	0.318	0.457	9.546	1.250
1427675211230	37.491691	139.918414	5	0.363	0.455	9.609	1.250
1427675211331	37.491692	139.918414	5	0.366	0.393	9.696	1.250
1427675211432	37.491694	139.918413	5	0.331	0.317	9.717	1.250
1427675211532	37.491696	139.918412	5	0.238	0.276	9.603	1.250
1427675211628	37.491698	139.918412	5	0.147	0.286	9.474	1.250
1427675211729	37.491700	139.918411	5	0.099	0.309	9.412	1.250
1427675211830	37.491701	139.918411	5	0.142	0.344	9.433	1.250
1427675213829	37.491733	139.918401	6	0.141	0.340	9.432	1.250
1427675213929	37.491734	139.918401	6	0.226	0.223	9.518	1.239
1427675214030	37.491736	139.918401	6	0.386	0.171	9.424	1.116
1427675214131	37.491738	139.918400	6	0.412	0.130	9.598	1.000
1427675214231	37.491739	139.918400	6	0.461	0.111	9.620	0.891
1427675214332	37.491741	139.918400	6	0.407	0.102	9.638	0.788
1427675214428	37.491742	139.918399	6	0.426	0.071	9.504	0.696
1427675214528	37.491744	139.918399	6	0.435	0.029	9.567	0.606
1427675214629	37.491745	139.918399	6	0.436	0.085	9.652	0.521
1427675214730	37.491746	139.918398	6	0.447	0.104	9.634	0.443
1427675214831	37.491747	139.918398	6	0.403	0.137	9.694	0.371
1427675214931	37.491748	139.918398	6	0.428	0.126	9.565	0.306
1427675215032	37.491749	139.918398	6	0.384	0.160	9.647	0.246
1427675215128	37.491750	139.918398	6	0.437	0.141	9.564	0.196
1427675215228	37.491751	139.918397	6	0.392	0.141	9.674	0.150
1427675215329	37.491751	139.918397	6	0.424	0.146	9.548	0.109
1427675215430	37.491752	139.918397	6	0.404	0.132	9.547	0.075
1427675215531	37.491752	139.918397	6	0.391	0.164	9.619	0.047
1427675215631	37.491753	139.918397	6	0.432	0.137	9.588	0.026
1427675215732	37.491753	139.918397	6	0.405	0.130	9.636	0.011
1427675215828	37.491753	139.918397	6	0.428	0.093	9.533	0.003
1427675280830	37.493309	139.919317	7	0.184	0.371	9.571	5.000
1427675280930	37.493312	139.919319	5	0.150	0.248	9.386	4.997
1427675281031	37.493316	139.919321	5	0.109	0.172	9.304	4.972
1427675281132	37.493320	139.919324	5	0.134	0.192	9.186	4.946
1427675281232	37.493324	139.919326	5	0.179	0.315	9.266	4.921
1427675281328	37.493328	139.919328	5	0.252	0.211	9.730	4.896
1427675281429	37.493332	139.919330	5	0.313	0.182	10.249	4.871
1427675281529	37.493335	139.919332	5	0.327	0.213	10.058	4.846
1427675281630	37.493339	139.919334	5	0.202	0.189	9.400	4.821
1427675281731	37.493343	139.919336	5	0.057	0.123	9.135	4.796
1427675281832	37.493347	139.919338	5	0.004	0.024	9.327	4.771
1427675281932	37.493350	139.919340	7	-0.002	-0.083	9.665	4.747
1427675282028	37.493353	139.919341	7	0.032	-0.001	9.549	4.722
1427675282129	37.493355	139.919342	7	0.076	0.089	9.583	4.697
1427675282229	37.493358	139.919343	7	0.129	0.090	9.760	4.671
1427675282330	37.493360	139.919344	7	0.182	0.113	9.776	4.646
1427675282431	37.493363	139.919345	7	0.148	0.114	9.553	4.621
1427675282532	37.493365	139.919346	7	0.155	0.040	9.827	4.595
1427675282632	37.493368	139.919346	7	0.240	0.190	9.724	4.571
1427675282728	37.493370	139.919347	7	0.212	0.206	9.639	4.547
1427675282829	37.493373	139.919348	7	0.123	0.016	9.938	4.522
1427675285830	37.493447	139.919399	5	0.117	0.009	9.947	3.292
1427675285930	37.493449	139.919401	6	0.347	-0.166	9.786	3.245
1427675286031	37.493452	139.919403	6	0.507	-0.068	9.667	3.190
1427675286132	37.493455	139.919406	6	0.709	-0.079	9.700	3.137
1427675286228	37.493457	139.919408	6	0.815	-0.238	9.955	3.087
1427675286328	37.493460	139.919410	6	0.672	-0.304	9.927	3.036
1427675286429	37.493462	139.919412	6	0.510	-0.356	9.164	2.985
1427675286530	37.493465	139.919414	6	0.419	-0.359	9.208	2.935
1427675286630	37.493467	139.919416	6	0.478	-0.428	9.322	2.886
1427675286731	37.493470	139.919418	6	0.508	-0.466	9.664	2.838
1427675286832	37.493472	139.919420	6	0.584	-0.366	9.671	2.791
1427675286933	37.493474	139.919422	6	0.639	-0.265	9.651	2.743
1427675287028	37.493477	139.919423	6	0.738	-0.151	9.669	2.691
1427675287129	37.493479	139.919424	6	0.845	-0.187	9.580	2.637
1427675287230	37.493482	139.919426	6	0.777	-0.246	9.671	2.584
1427675287330	37.493484	139.919427	6	0.698	-0.309	9.599	2.533
1427675287431	37.493486	139.919428	6	0.623	-0.399	9.641	2.482
1427675287532	37.493489	139.919429	6	0.564	-0.398	9.605	2.432
1427675287632	37.493491	139.919430	6	0.607	-0.432	9.347	2.384
1427675287728	37.493493	139.919431	6	0.659	-0.396	9.439	2.338
1427675287829	37.493495	139.919432	6	0.809	-0.466	9.573	2.291
1427675287929	37.493497	139.919433	6	0.849	-0.433	9.829	2.242
1427675288030	37.493500	139.919434	6	0.876	-0.392	9.694	2.153
1427675288131	37.493502	139.919435	6	0.791	-0.423	9.705	2.067
1427675288232	37.493504	139.919435	6	0.746	-0.462	9.536	1.984
1427675288332	37.493507	139.919436	6	0.738	-0.482	9.516	1.905
1427675288428	37.493509	139.919437	6	0.753	-0.438	9.620	1.832
1427675288529	37.493511	139.919438	6	0.835	-0.434	9.678	1.758
1427675288629	37.493513	139.919438	6	0.823	-0.366	9.772	1.687
1427675288730	37.493515	139.919439	6	0.744	-0.280	9.570	1.619
1427675288831	37.493516	139.919439	6	0.493	-0.139	9.634	1.555
1427675288932	37.493518	139.919440	6	0.366	-0.063	9.510	1.500
1427675289032	37.493520	139.919440	6	0.238	-0.047	9.575	1.500
1427675289128	37.493522	139.919441	6	0.225	0.022	9.564	1.500
1427675289229	37.493523	139.919441	6	0.257	0.039	9.563	1.500
1427675289329	37.493525	139.919441	6	0.258	0.113	9.617	1.500
1427675289430	37.493527	139.919442	6	0.262	0.079	9.518	1.500
1427675289531	37.493528	139.919442	6	0.186	0.105	9.623	1.500
1427675289632	37.493530	139.919442	6	0.203	0.015	9.572	1.500
1427675289732	37.493532	139.919442	6	0.159	0.082	9.672	1.500
1427675289828	37.493533	139.919443	6	0.221	0.123	9.548	1.500
1427675289929	37.493535	139.919443	5	0.167	0.159	9.674	1.498
1427675290029	37.493536	139.919443	5	0.210	0.140	9.561	1.471
1427675290130	37.493537	139.919444	5	0.162	0.145	9.670	1.444
1427675290231	37.493538	139.919444	5	0.193	0.082	9.572	1.417
1427675290331	37.493539	139.919444	5	0.150	0.092	9.643	1.392
1427675290432	37.493540	139.919445	5	0.189	0.110	9.523	1.366
1427675290528	37.493541	139.919445	5	0.161	0.104	9.596	1.343
1427675290628	37.493542	139.919445	5	0.204	0.113	9.601	1.318
1427675290729	37.493543	139.919445	5	0.196	0.086	9.630	1.294
1427675290830	37.493544	139.919446	5	0.208	0.118	9.567	1.271
1427675290931	37.493545	139.919446	4	0.225	0.059	9.509	1.247
1427675291031	37.493546	139.919446	4	0.191	0.106	9.650	1.220
1427675291132	37.493547	139.919447	4	0.246	0.063	9.545	1.192
1427675291228	37.493547	139.919447	4	0.221	0.085	9.620	1.167
1427675291328	37.493548	139.919448	4	0.253	0.100	9.508	1.141
1427675291429	37.493549	139.919448	4	0.226	0.057	9.556	1.116
1427675291530	37.493549	139.919449	4	0.230	0.088	9.601	1.091
1427675291631	37.493550	139.919449	4	0.228	0.057	9.615	1.067
1427675291731	37.493551	139.919449	4	0.210	0.160	9.620	1.043
1427675291832	37.493551	139.919450	4	0.175	0.170	9.579	1.020
1427675291928	37.493552	139.919450	4	0.132	0.205	9.593	0.984
1427675292028	37.493551	139.919450	4	0.113	0.133	9.558	0.796
1427675292129	37.493550	139.919450	4	0.078	0.194	9.649	0.626
1427675292230	37.493549	139.919449	4	0.098	0.177	9.550	0.476
1427675292330	37.493549	139.919449	4	0.030	0.254	9.647	0.348
1427675292431	37.493548	139.919449	4	0.067	0.261	9.525	0.239
1427675292532	37.493548	139.919449	4	-0.016	0.261	9.638	0.151
1427675292628	37.493547	139.919449	4	0.033	0.287	9.559	0.085
1427675292728	37.493547	139.919449	4	0.005	0.252	9.605	0.037
1427675292829	37.493547	139.919449	4	0.006	0.285	9.610	0.008
1427675379826	37.498067	139.921241	8	0.009	0.295	9.601	8.226
1427675379831	37.498067	139.921241	8	0.009	0.305	9.584	8.227
1427675379931	37.498076	139.921243	9	0.013	0.288	9.330	8.244
1427675380032	37.498082	139.921247	9	-0.045	0.241	8.922	8.192
1427675380128	37.498088	139.921250	9	-0.001	0.163	9.126	8.143
1427675380228	37.498094	139.921254	9	0.122	0.081	9.720	8.093
1427675380329	37.498100	139.921257	9	0.257	0.024	10.232	8.042
1427675380430	37.498106	139.921261	9	0.268	0.018	10.151	7.991
1427675380530	37.498111	139.921264	9	0.181	-0.049	9.968	7.941
1427675380631	37.498117	139.921267	9	0.138	-0.014	9.870	7.891
1427675380732	37.498123	139.921271	9	0.098	0.096	9.589	7.842
1427675380828	37.498129	139.921274	9	0.017	0.163	9.266	7.795
1427675380928	37.498134	139.921277	9	0.018	0.178	8.983	7.746
1427675381029	37.498140	139.921279	9	0.095	0.147	9.275	7.694
1427675381130	37.498146	139.921281	9	0.200	0.161	9.746	7.642
1427675381230	37.498151	139.921283	9	0.269	0.176	9.944	7.591
1427675381331	37.498157	139.921285	9	0.235	0.177	9.866	7.540
1427675381432	37.498163	139.921287	9	0.202	0.142	9.838	7.490
1427675381528	37.498168	139.921289	9	0.085	0.081	9.553	7.442
1427675381628	37.498173	139.921291	9	-0.024	-0.024	9.283	7.393
1427675381729	37.498179	139.921292	9	-0.151	-0.092	9.218	7.343
1427675381830	37.498184	139.921294	9	-0.052	-0.076	9.744	7.294
1427675381930	37.498190	139.921296	9	0.086	0.018	9.894	7.255
1427675382031	37.498197	139.921300	9	0.116	0.163	9.398	7.304
1427675382132	37.498204	139.921303	9	0.130	0.174	9.449	7.353
1427675382232	37.498211	139.921306	9	0.187	0.145	9.761	7.402
1427675382328	37.498218	139.921310	9	0.153	0.050	9.785	7.450
1427675382429	37.498225	139.921313	9	0.100	-0.019	9.537	7.500
1427675382530	37.498232	139.921316	9	-0.007	0.054	8.932	7.551
1427675382630	37.498240	139.921320	9	0.080	0.081	9.460	7.602
1427675382731	37.498247	139.921323	9	0.197	0.033	10.242	7.653
1427675382832	37.498254	139.921327	9	0.222	0.073	9.866	7.705
1427675382932	37.498262	139.921330	9	0.146	0.025	9.534	7.726
1427675383028	37.498266	139.921332	9	0.062	0.010	9.381	7.540
1427675383129	37.498271	139.921334	9	0.014	0.015	9.549	7.347
1427675383229	37.498276	139.921335	9	-0.064	-0.041	9.582	7.162
1427675383330	37.498281	139.921337	9	-0.098	-0.075	9.311	6.979
1427675383431	37.498285	139.921339	9	-0.024	0.052	9.023	6.800
1427675383532	37.498290	139.921340	9	0.184	0.111	9.499	6.626
1427675383632	37.498294	139.921342	9	0.389	0.169	10.296	6.458
1427675383728	37.498298	139.921343	9	0.471	0.159	10.664	6.301
1427675383829	37.498302	139.921345	9	0.367	0.177	10.007	6.141
1427675383929	37.498306	139.921346	7	0.274	0.276	9.317	6.004
1427675384030	37.498312	139.921346	7	0.166	0.132	9.145	6.053
1427675384131	37.498318	139.921347	7	0.058	0.087	9.527	6.102
1427675384232	37.498324	139.921347	7	0.054	0.001	9.603	6.152
1427675384332	37.498329	139.921348	7	-0.002	-0.084	9.427	6.201
1427675384428	37.498335	139.921348	7	-0.056	-0.135	9.449	6.249
1427675384529	37.498341	139.921348	7	-0.011	-0.225	9.882	6.300
1427675384629	37.498347	139.921349	7	-0.081	-0.189	9.893	6.350
1427675384730	37.498353	139.921349	7	-0.110	-0.197	9.792	6.402
1427675384831	37.498359	139.921350	7	-0.142	-0.160	9.522	6.454
1427675384931	37.498365	139.921350	7	-0.097	-0.162	9.365	6.500
1427675385032	37.498371	139.921351	7	-0.064	-0.147	9.463	6.500
1427675385128	37.498377	139.921353	7	-0.087	-0.139	9.567	6.500
1427675385229	37.498383	139.921354	7	-0.098	-0.069	9.593	6.500
1427675385329	37.498389	139.921355	7	-0.100	-0.025	9.587	6.500
1427675385430	37.498395	139.921357	7	-0.077	0.024	9.484	6.500
1427675385531	37.498401	139.921358	7	-0.069	0.029	9.421	6.500
1427675385631	37.498407	139.921359	7	0.009	-0.004	9.439	6.500
1427675385732	37.498414	139.921361	7	0.003	0.014	9.528	6.500
1427675385828	37.498419	139.921362	7	0.084	-0.007	9.691	6.500
1427675385929	37.498426	139.921363	8	0.089	-0.019	9.724	6.500
1427675386029	37.498433	139.921363	8	0.072	-0.040	9.396	6.500
1427675386130	37.498439	139.921364	8	0.078	-0.064	9.462	6.500
1427675386231	37.498446	139.921364	8	0.175	-0.079	9.510	6.500
1427675386331	37.498453	139.921364	8	0.249	-0.206	9.700	6.500
1427675386432	37.498460	139.921365	8	0.319	-0.355	9.695	6.500
1427675386528	37.498467	139.921365	8	0.412	-0.431	9.580	6.500
1427675386628	37.498474	139.921365	8	0.554	-0.541	9.350	6.500
1427675386729	37.498481	139.921365	8	0.580	-0.586	9.526	6.500
1427675386830	37.498488	139.921366	8	0.649	-0.661	9.763	6.500
1427675386931	37.498494	139.921366	9	0.754	-0.652	9.813	6.491
1427675387031	37.498498	139.921368	9	0.694	-0.572	9.430	6.412
1427675387132	37.498501	139.921371	9	0.712	-0.604	9.342	6.333
1427675387228	37.498504	139.921373	9	0.703	-0.649	9.535	6.259
1427675387328	37.498507	139.921375	9	0.733	-0.681	9.620	6.183
1427675387429	37.498510	139.921377	9	0.718	-0.629	9.686	6.107
1427675387530	37.498513	139.921379	9	0.704	-0.598	9.528	6.032
1427675387630	37.498516	139.921381	9	0.681	-0.583	9.576	5.958
1427675387731	37.498519	139.921383	9	0.668	-0.580	9.622	5.885
1427675387832	37.498522	139.921385	9	0.663	-0.579	9.493	5.812
1427675387928	37.498524	139.921387	9	0.587	-0.549	9.561	5.744
1427675388028	37.498528	139.921388	9	0.666	-0.575	9.663	5.664
1427675388129	37.498532	139.921390	9	0.692	-0.520	9.668	5.585
1427675388230	37.498535	139.921391	9	0.800	-0.406	9.619	5.506
1427675388330	37.498539	139.921393	9	0.813	-0.432	9.569	5.430
1427675388431	37.498542	139.921394	9	0.795	-0.483	9.597	5.354
1427675388532	37.498546	139.921395	9	0.818	-0.644	9.549	5.279
1427675388633	37.498549	139.921396	9	0.822	-0.697	9.642	5.205
1427675388728	37.498553	139.921398	9	0.908	-0.700	9.442	5.136
1427675388829	37.498556	139.921399	9	0.879	-0.655	9.717	5.064
1427675388930	37.498559	139.921400	9	0.932	-0.717	9.656	4.982
1427675389030	37.498561	139.921400	9	0.876	-0.713	9.567	4.809
1427675389131	37.498563	139.921401	9	0.891	-0.674	9.321	4.639
1427675389232	37.498565	139.921401	9	0.759	-0.562	9.886	4.475
1427675389332	37.498567	139.921401	9	0.529	-0.395	10.161	4.318
1427675389428	37.498569	139.921402	9	0.293	-0.224	9.387	4.172
1427675389529	37.498571	139.921402	9	0.133	-0.046	8.975	4.023
1427675389630	37.498572	139.921402	9	0.158	0.025	9.175	3.880
1427675389730	37.498574	139.921403	9	0.216	0.112	9.704	3.744
1427675389831	37.498576	139.921403	9	0.314	0.125	9.732	3.612
1427675389932	37.498577	139.921403	9	0.332	0.127	9.805	3.497
1427675390032	37.498579	139.921404	9	0.428	0.288	9.981	3.471
1427675390128	37.498582	139.921404	9	0.547	0.429	9.947	3.446
1427675390229	37.498584	139.921405	9	0.466	0.573	9.662	3.421
1427675390329	37.498586	139.921406	9	0.448	0.572	9.423	3.396
1427675390430	37.498588	139.921407	9	0.422	0.611	9.573	3.370
1427675390531	37.498590	139.921407	9	0.523	0.538	9.523	3.345
1427675390631	37.498592	139.921408	9	0.554	0.671	9.503	3.320
1427675390732	37.498594	139.921409	9	0.673	0.787	9.291	3.296
1427675390828	37.498596	139.921409	9	0.796	0.860	9.769	3.272
1427675390929	37.498598	139.921410	8	0.852	0.974	9.889	3.250
1427675391029	37.498601	139.921414	8	0.834	0.949	9.471	3.250
1427675391130	37.498605	139.921417	8	0.729	0.984	9.201	3.250
1427675391231	37.498608	139.921420	8	0.689	0.933	9.217	3.250
1427675391332	37.498611	139.921424	8	0.712	0.962	9.640	3.250
1427675391432	37.498614	139.921427	8	0.868	0.887	9.511	3.250
1427675391528	37.498617	139.921430	8	0.990	0.876	9.743	3.250
1427675391629	37.498621	139.921433	8	1.077	0.936	9.392	3.250
1427675391729	37.498624	139.921437	8	1.078	0.865	9.439	3.250
1427675391830	37.498627	139.921440	8	1.190	0.793	9.803	3.250
1427675391931	37.498630	139.921443	8	1.411	0.747	10.130	3.250
1427675392031	37.498632	139.921447	8	1.521	0.807	10.105	3.250
1427675392132	37.498634	139.921450	8	1.492	0.563	10.132	3.250
1427675392228	37.498636	139.921453	8	1.300	0.443	9.981	3.250
1427675392328	37.498637	139.921456	8	1.080	0.559	9.312	3.250
1427675392429	37.498639	139.921460	8	0.947	0.760	8.852	3.250
1427675392530	37.498641	139.921463	8	0.962	0.922	9.270	3.250
1427675392631	37.498643	139.921466	8	1.063	1.010	9.828	3.250
1427675392731	37.498645	139.921470	8	1.174	1.065	9.949	3.250
1427675392832	37.498646	139.921473	8	1.278	1.066	9.908	3.250
1427675392928	37.498648	139.921476	6	1.259	1.185	9.603	3.250
1427675393028	37.498648	139.921478	6	1.134	1.207	9.435	3.250
1427675393129	37.498647	139.921480	6	1.089	1.262	9.715	3.250
1427675393230	37.498647	139.921482	6	1.086	1.255	9.753	3.250
1427675393331	37.498646	139.921484	6	1.037	1.348	9.591	3.250
1427675393431	37.498646	139.921486	6	1.069	1.241	9.583	3.250
1427675393532	37.498646	139.921488	6	1.165	1.086	9.701	3.250
1427675393628	37.498645	139.921489	6	1.086	0.952	9.859	3.250
1427675393728	37.498645	139.921491	6	0.884	0.838	9.550	3.250
1427675393829	37.498644	139.921493	6	0.635	0.736	8.996	3.250
1427675437828	37.498003	139.923497	4	0.619	0.733	8.969	2.772
1427675437929	37.498002	139.923500	4	0.507	0.278	9.136	2.748
1427675438030	37.498001	139.923503	4	0.537	-0.080	9.215	2.721
1427675438130	37.498001	139.923506	4	0.503	-0.246	9.429	2.696
1427675438231	37.498000	139.923509	4	0.466	-0.252	9.588	2.670
1427675438332	37.498000	139.923512	4	0.517	-0.287	9.419	2.644
1427675438428	37.497999	139.923515	4	0.501	-0.307	9.492	2.620
1427675438528	37.497999	139.923518	4	0.463	-0.299	9.626	2.595
1427675438629	37.497998	139.923521	4	0.473	-0.312	9.587	2.570
1427675438730	37.497998	139.923524	4	0.407	-0.268	9.678	2.546
1427675438830	37.497997	139.923527	4	0.391	-0.186	9.669	2.522
1427675438931	37.497997	139.923529	3	0.411	-0.161	9.533	2.463
1427675439032	37.497997	139.923530	3	0.299	-0.065	9.663	2.143
1427675439128	37.497997	139.923530	3	0.226	-0.015	9.651	1.864
1427675439228	37.497997	139.923531	3	0.130	-0.032	9.613	1.600
1427675439329	37.497997	139.923531	3	0.037	0.025	9.617	1.360
1427675439430	37.497997	139.923532	3	0.043	0.035	9.522	1.147
1427675439530	37.497997	139.923532	3	-0.019	0.096	9.666	0.963
1427675439631	37.497997	139.923532	3	0.004	0.130	9.605	0.804
1427675439732	37.497997	139.923533	3	0.018	0.145	9.615	0.672
1427675439832	37.497997	139.923533	3	-0.004	0.216	9.633	0.569
1427675439928	37.497997	139.923533	4	0.010	0.164	9.529	0.497
1427675440029	37.497997	139.923533	4	-0.071	0.149	9.658	0.465
1427675440130	37.497997	139.923534	4	-0.043	0.101	9.561	0.434
1427675440230	37.497997	139.923534	4	-0.071	0.094	9.617	0.405
1427675440331	37.497997	139.923534	4	-0.056	0.150	9.578	0.377
1427675440432	37.497997	139.923534	4	-0.007	0.153	9.548	0.351
1427675440532	37.497997	139.923534	4	-0.015	0.199	9.640	0.327
1427675440628	37.497997	139.923535	4	0.036	0.194	9.536	0.306
1427675440729	37.497997	139.923535	4	-0.018	0.182	9.605	0.285
1427675440829	37.497997	139.923535	4	-0.042	0.177	9.599	0.266
1427675473826	37.497910	139.923684	5	-0.039	0.180	9.597	2.225
1427675473832	37.497910	139.923684	5	-0.035	0.181	9.598	2.227
1427675473932	37.497908	139.923685	6	0.120	0.147	9.973	2.255
1427675474028	37.497905	139.923685	6	0.360	0.257	10.048	2.299
1427675474129	37.497903	139.923684	6	0.474	0.387	9.804	2.346
1427675474229	37.497901	139.923684	6	0.408	0.327	9.552	2.394
1427675474330	37.497898	139.923683	6	0.271	0.219	9.357	2.443
1427675474431	37.497895	139.923683	6	0.062	0.077	9.427	2.493
1427675474531	37.497893	139.923683	6	-0.026	-0.048	9.503	2.544
1427675474632	37.497890	139.923682	6	-0.094	-0.112	9.530	2.596
1427675474728	37.497887	139.923682	6	-0.108	-0.046	9.478	2.646
1427675474828	37.497885	139.923681	6	-0.051	-0.013	9.484	2.700
1427675487830	37.497486	139.923485	5	-0.048	-0.004	9.492	3.772
1427675487931	37.497483	139.923484	5	0.038	0.010	9.559	3.750
1427675488031	37.497480	139.923482	5	0.057	-0.067	9.493	3.750
1427675488132	37.497476	139.923481	5	0.037	-0.124	9.390	3.750
1427675488228	37.497473	139.923479	5	0.069	-0.116	9.552	3.750
1427675488328	37.497470	139.923477	5	0.126	-0.083	9.713	3.750
1427675488429	37.497467	139.923476	5	0.184	-0.069	9.666	3.750
1427675488530	37.497464	139.923474	5	0.195	-0.056	9.629	3.750
1427675488631	37.497461	139.923473	5	0.172	-0.068	9.530	3.750
1427675488731	37.497458	139.923471	5	0.136	-0.092	9.527	3.750
1427675488832	37.497455	139.923469	5	0.143	-0.117	9.645	3.750
1427675488928	37.497452	139.923468	4	0.155	-0.132	9.700	3.750
1427675489028	37.497449	139.923466	4	0.144	-0.099	9.636	3.750
1427675489129	37.497446	139.923465	4	0.143	-0.050	9.593	3.750
1427675489230	37.497443	139.923464	4	0.133	-0.018	9.610	3.750
1427675489330	37.497440	139.923462	4	0.155	0.028	9.585	3.750
1427675489431	37.497437	139.923461	4	0.162	0.092	9.615	3.750
1427675489532	37.497434	139.923459	4	0.123	0.171	9.548	3.750
1427675489632	37.497431	139.923458	4	0.119	0.210	9.492	3.750
1427675489728	37.497429	139.923457	4	0.125	0.180	9.521	3.750
1427675489829	37.497426	139.923455	4	0.084	0.105	9.630	3.750
1427675489930	37.497423	139.923454	5	0.092	0.103	9.663	3.742
1427675490031	37.497420	139.923453	5	0.111	0.171	9.608	3.659
1427675490132	37.497418	139.923452	5	0.141	0.228	9.453	3.577
1427675490232	37.497415	139.923451	5	0.181	0.285	9.511	3.498
1427675490332	37.497413	139.923450	5	0.193	0.317	9.667	3.421
1427675490428	37.497411	139.923450	5	0.213	0.298	9.771	3.348
1427675490529	37.497408	139.923449	5	0.160	0.232	9.672	3.273
1427675490630	37.497406	139.923448	5	0.102	0.146	9.519	3.200
1427675490730	37.497404	139.923447	5	0.097	0.136	9.532	3.130
1427675490831	37.497402	139.923447	5	0.134	0.221	9.616	3.060
1427675490932	37.497400	139.923446	5	0.214	0.338	9.565	3.000
1427675491032	37.497397	139.923445	5	0.307	0.412	9.544	3.000
1427675491128	37.497395	139.923443	5	0.379	0.435	9.523	3.000
1427675491229	37.497392	139.923442	5	0.398	0.463	9.479	3.000
1427675491329	37.497390	139.923441	5	0.455	0.520	9.580	3.000
1427675491430	37.497387	139.923439	5	0.523	0.610	9.712	3.000
1427675491531	37.497385	139.923438	5	0.576	0.616	9.722	3.000
1427675491632	37.497382	139.923437	5	0.569	0.579	9.627	3.000
1427675491732	37.497380	139.923435	5	0.578	0.532	9.588	3.000
1427675491828	37.497377	139.923434	5	0.532	0.505	9.649	3.000
1427675491929	37.497375	139.923433	4	0.539	0.505	9.632	3.000
1427675492029	37.497373	139.923431	4	0.576	0.552	9.596	3.000
1427675492130	37.497371	139.923429	4	0.645	0.616	9.473	3.000
1427675492231	37.497369	139.923427	4	0.755	0.657	9.411	3.000
1427675492331	37.497367	139.923426	4	0.813	0.651	9.622	3.000
1427675492432	37.497365	139.923424	4	0.823	0.576	9.772	3.000
1427675492528	37.497363	139.923422	4	0.786	0.509	9.619	3.000
1427675492629	37.497361	139.923420	4	0.737	0.513	9.359	3.000
1427675492729	37.497359	139.923418	4	0.749	0.574	9.331	3.000
1427675492830	37.497357	139.923417	4	0.812	0.641	9.362	3.000
1427675492931	37.497355	139.923415	4	0.903	0.579	9.615	3.000
1427675493031	37.497353	139.923412	4	1.024	0.512	9.805	3.000
1427675493132	37.497352	139.923410	4	1.052	0.450	9.822	3.000
1427675493228	37.497350	139.923407	4	1.004	0.400	9.801	3.000
1427675493329	37.497349	139.923405	4	0.913	0.363	9.640	3.000
1427675493429	37.497347	139.923402	4	0.792	0.306	9.365	3.000
1427675493530	37.497346	139.923400	4	0.721	0.257	9.355	3.000
1427675493631	37.497344	139.923397	4	0.676	0.167	9.565	3.000
1427675493731	37.497343	139.923395	4	0.657	0.156	9.556	3.000
1427675493832	37.497341	139.923392	4	0.650	0.161	9.585	3.000
1427675493928	37.497340	139.923390	4	0.757	0.216	9.848	2.998
1427675494028	37.497339	139.923386	4	0.839	0.219	10.082	2.972
1427675494129	37.497339	139.923383	4	0.856	0.278	9.785	2.946
1427675494230	37.497338	139.923379	4	0.791	0.369	9.409	2.920
1427675494331	37.497338	139.923376	4	0.700	0.393	9.359	2.895
1427675494431	37.497337	139.923373	4	0.593	0.267	9.474	2.870
1427675494532	37.497337	139.923369	4	0.517	0.123	9.603	2.844
1427675494628	37.497336	139.923366	4	0.446	0.051	9.598	2.821
1427675494728	37.497336	139.923363	4	0.418	-0.014	9.624	2.796
1427675494829	37.497335	139.923360	4	0.424	-0.066	9.778	2.772
1427675494930	37.497335	139.923357	5	0.438	0.013	9.693	2.752
1427675495031	37.497335	139.923353	5	0.408	0.060	9.498	2.777
1427675495131	37.497335	139.923349	5	0.296	0.076	9.383	2.801
1427675495232	37.497336	139.923346	5	0.135	0.054	9.519	2.826
1427675495328	37.497336	139.923342	5	0.109	0.092	9.761	2.849
1427675495428	37.497336	139.923339	5	0.256	0.173	9.713	2.874
1427675495529	37.497336	139.923335	5	0.306	0.252	9.577	2.900
1427675495630	37.497336	139.923331	5	0.235	0.269	9.720	2.925
1427675495730	37.497337	139.923327	5	0.076	0.173	9.889	2.951
1427675537826	37.497773	139.921292	6	-0.044	0.092	9.738	4.000
1427675537831	37.497773	139.921292	6	-0.045	0.081	9.723	4.000
1427675537932	37.497774	139.921288	5	0.112	-0.136	9.802	3.997
1427675538028	37.497775	139.921284	5	0.262	-0.322	10.039	3.972
1427675538129	37.497776	139.921280	5	0.412	-0.472	10.042	3.946
1427675538229	37.497777	139.921277	5	0.510	-0.347	10.012	3.921
1427675538330	37.497778	139.921273	5	0.637	-0.208	9.603	3.896
1427675538431	37.497779	139.921269	5	0.659	-0.120	9.448	3.870
1427675538531	37.497780	139.921266	5	0.694	-0.097	9.326	3.845
1427675538632	37.497780	139.921262	5	0.672	-0.260	9.523	3.820
1427675538728	37.497781	139.921259	5	0.579	-0.355	9.782	3.797
1427675538828	37.497782	139.921255	5	0.601	-0.499	9.728	3.772
1427675538929	37.497783	139.921252	5	0.574	-0.566	9.650	3.729
1427675539030	37.497783	139.921250	5	0.561	-0.478	9.597	3.505
1427675539131	37.497783	139.921248	5	0.665	-0.399	9.386	3.292
1427675539231	37.497783	139.921246	5	0.668	-0.415	9.519	3.092
1427675539332	37.497783	139.921244	5	0.611	-0.417	9.750	2.900
1427675539428	37.497783	139.921243	5	0.556	-0.385	9.770	2.728
1427675539528	37.497783	139.921241	5	0.448	-0.323	9.779	2.559
1427675539629	37.497783	139.921240	5	0.439	-0.165	9.519	2.399
1427675539730	37.497783	139.921238	5	0.478	-0.088	9.336	2.251
1427675539831	37.497783	139.921237	5	0.412	-0.053	9.591	2.113
1427675539931	37.497783	139.921236	4	0.405	-0.097	9.614	1.990
1427675540032	37.497783	139.921235	4	0.367	-0.164	9.650	1.899
1427675540128	37.497783	139.921234	4	0.393	-0.162	9.664	1.815
1427675540228	37.497783	139.921232	4	0.489	-0.175	9.533	1.732
1427675540329	37.497783	139.921231	4	0.471	-0.094	9.630	1.651
1427675540430	37.497782	139.921230	4	0.484	-0.011	9.591	1.574
1427675540530	37.497782	139.921229	4	0.485	-0.041	9.580	1.501
1427675540631	37.497782	139.921228	4	0.399	-0.079	9.568	1.431
1427675540732	37.497782	139.921228	4	0.349	-0.146	9.566	1.365
1427675540832	37.497782	139.921227	4	0.350	-0.256	9.614	1.302
1427675540928	37.497782	139.921226	4	0.318	-0.230	9.684	1.245
1427675541029	37.497782	139.921225	4	0.367	-0.131	9.514	1.183
1427675541130	37.497782	139.921225	4	0.382	-0.115	9.497	1.124
1427675541230	37.497782	139.921224	4	0.337	-0.127	9.634	1.068
1427675541331	37.497782	139.921224	4	0.360	-0.239	9.552	1.014
1427675541432	37.497781	139.921223	4	0.341	-0.280	9.674	0.963
1427675541532	37.497781	139.921223	4	0.330	-0.197	9.579	0.914
1427675541628	37.497781	139.921222	4	0.201	-0.079	9.627	0.870
1427675541729	37.497781	139.921222	4	0.101	0.062	9.591	0.826
1427675541830	37.497781	139.921221	4	0.066	0.075	9.444	0.785
1427675541930	37.497781	139.921221	4	-0.017	0.132	9.574	0.747
1427675542031	37.497781	139.921220	4	0.000	0.123	9.557	0.717
1427675542132	37.497781	139.921220	4	-0.035	0.160	9.724	0.689
1427675542232	37.497781	139.921220	4	0.020	0.181	9.588	0.661
1427675542328	37.497781	139.921219	4	0.035	0.177	9.586	0.636
1427675542429	37.497781	139.921219	4	0.056	0.188	9.523	0.610
1427675542529	37.497781	139.921218	4	0.058	0.101	9.543	0.586
1427675542630	37.497781	139.921218	4	0.004	0.090	9.663	0.562
1427675542731	37.497781	139.921218	4	0.032	0.021	9.563	0.540
1427675542832	37.497781	139.921217	4	0.024	0.072	9.617	0.518
1427675542932	37.497781	139.921217	4	0.098	0.063	9.461	0.500
1427675543028	37.497781	139.921217	4	0.070	0.075	9.595	0.500
1427675543129	37.497781	139.921216	4	0.084	0.067	9.561	0.500
1427675543229	37.497781	139.921216	4	0.012	0.101	9.671	0.500
1427675543330	37.497781	139.921215	4	0.019	0.116	9.568	0.500
1427675543431	37.497781	139.921215	4	0.027	0.092	9.520	0.500
1427675543531	37.497781	139.921215	4	0.002	0.163	9.609	0.500
1427675543632	37.497781	139.921214	4	0.004	0.160	9.584	0.500
1427675543728	37.497781	139.921214	4	-0.030	0.216	9.695	0.500
1427675543829	37.497781	139.921213	4	0.014	0.180	9.545	0.500
1427675553829	37.497898	139.921175	5	0.015	0.180	9.545	2.500
1427675578830	37.498865	139.921479	3	0.016	0.181	9.541	4.522
1427675578930	37.498868	139.921480	3	0.073	0.183	9.676	4.500
1427675579031	37.498872	139.921482	3	0.105	0.183	9.485	4.500
1427675579132	37.498876	139.921483	3	0.090	0.208	9.242	4.500
1427675579232	37.498879	139.921484	3	0.053	0.188	9.093	4.500
1427675579328	37.498883	139.921486	3	0.001	0.138	9.175	4.500
1427675579429	37.498886	139.921487	3	-0.009	0.003	9.574	4.500
1427675579530	37.498890	139.921489	3	0.047	-0.068	10.242	4.500
1427675579630	37.498894	139.921490	3	0.010	-0.017	10.121	4.500
1427675579731	37.498897	139.921491	3	-0.080	0.074	9.286	4.500
1427675591826	37.499352	139.921661	4	-0.147	0.074	8.836	3.314
1427675591831	37.499352	139.921661	4	-0.141	0.071	8.844	3.310
1427675591932	37.499355	139.921662	4	0.183	-0.126	9.189	3.236
1427675592032	37.499358	139.921663	4	0.433	-0.359	9.324	3.120
1427675592128	37.499360	139.921663	4	0.539	-0.475	9.702	3.012
1427675592229	37.499362	139.921663	4	0.640	-0.482	9.700	2.902
1427675592330	37.499364	139.921664	4	0.640	-0.487	9.489	2.796
1427675592430	37.499366	139.921664	4	0.594	-0.462	9.452	2.695
1427675592531	37.499368	139.921665	4	0.641	-0.537	9.438	2.596
1427675592632	37.499370	139.921665	4	0.659	-0.567	9.736	2.501
1427675592732	37.499372	139.921665	4	0.727	-0.552	9.760	2.410
1427675592828	37.499373	139.921666	4	0.699	-0.510	9.676	2.327
1427675592929	37.499375	139.921666	5	0.609	-0.389	9.580	2.250
1427675593029	37.499377	139.921666	5	0.573	-0.476	9.400	2.250
1427675593130	37.499380	139.921666	5	0.539	-0.528	9.612	2.250
1427675593231	37.499382	139.921666	5	0.619	-0.507	9.572	2.250
1427675593332	37.499384	139.921666	5	0.667	-0.465	9.551	2.250
1427675593432	37.499386	139.921665	5	0.701	-0.363	9.612	2.250
1427675593528	37.499388	139.921665	5	0.774	-0.396	9.539	2.250
1427675593629	37.499391	139.921665	5	0.633	-0.312	9.801	2.250
1427675593729	37.499393	139.921665	5	0.405	-0.156	9.785	2.250
1427675593830	37.499395	139.921665	5	0.175	-0.103	9.624	2.250
1427675593931	37.499397	139.921665	5	0.018	0.023	9.479	2.240
1427675594032	37.499398	139.921666	5	0.001	0.028	9.223	2.151
1427675594132	37.499398	139.921667	5	-0.020	0.155	9.508	2.066
1427675594228	37.499399	139.921669	5	0.049	0.177	9.635	1.987
1427675594329	37.499400	139.921670	5	0.021	0.219	9.845	1.907
1427675594429	37.499400	139.921671	5	0.043	0.225	9.633	1.831
1427675594530	37.499401	139.921672	5	-0.038	0.206	9.541	1.757
1427675594631	37.499402	139.921673	5	-0.074	0.212	9.520	1.686
1427675594731	37.499402	139.921673	5	-0.103	0.134	9.615	1.619
1427675594832	37.499403	139.921674	5	-0.104	0.151	9.695	1.554
1427675594928	37.499403	139.921675	5	-0.054	0.136	9.591	1.495
1427675595029	37.499403	139.921675	5	-0.074	0.243	9.606	1.436
1427675595129	37.499403	139.921676	5	-0.005	0.256	9.521	1.379
1427675595230	37.499403	139.921676	5	-0.049	0.243	9.676	1.324
1427675595331	37.499403	139.921676	5	-0.029	0.181	9.618	1.270
1427675595431	37.499403	139.921677	5	-0.070	0.118	9.581	1.220
1427675595532	37.499403	139.921677	5	-0.060	0.140	9.441	1.170
1427675595628	37.499403	139.921677	5	-0.064	0.147	9.517	1.125
1427675595728	37.499403	139.921678	5	-0.027	0.170	9.561	1.080
1427675595829	37.499403	139.921678	5	-0.073	0.242	9.633	1.037
1427675612829	37.499554	139.921280	4	-0.074	0.245	9.638	4.000
1427675612929	37.499555	139.921276	3	0.288	0.383	9.986	3.998
1427675613030	37.499557	139.921271	3	0.552	0.488	10.088	3.972
1427675613131	37.499558	139.921267	3	0.586	0.489	9.874	3.946
1427675613231	37.499560	139.921263	3	0.502	0.438	9.576	3.921
1427675613332	37.499561	139.921259	3	0.377	0.346	9.327	3.895
1427675613428	37.499563	139.921255	3	0.338	0.329	9.339	3.871
1427675613529	37.499564	139.921251	3	0.434	0.423	9.505	3.846
1427675613629	37.499566	139.921247	3	0.611	0.599	9.585	3.821
1427675613730	37.499567	139.921243	3	0.771	0.786	9.541	3.796
1427675615830	37.499615	139.921177	4	0.845	0.877	9.654	3.750
1427675615930	37.499617	139.921174	4	0.985	0.923	9.611	3.750
1427675616031	37.499621	139.921172	4	1.017	0.893	9.445	3.750
1427675616132	37.499624	139.921170	4	0.969	0.720	9.774	3.750
1427675616228	37.499627	139.921169	4	0.944	0.684	9.558	3.750
1427675616328	37.499630	139.921167	4	0.873	0.635	9.356	3.750
1427675616429	37.499634	139.921165	4	0.748	0.669	9.218	3.750
1427675616530	37.499637	139.921164	4	0.752	0.694	9.226	3.750
1427675616630	37.499640	139.921162	4	0.894	0.767	9.549	3.750
1427675616731	37.499644	139.921160	4	1.093	0.911	9.665	3.750
1427675616832	37.499647	139.921158	4	1.270	1.055	9.637	3.750
1427675616933	37.499650	139.921157	5	1.272	1.111	9.634	3.750
1427675617028	37.499654	139.921157	5	1.154	1.040	9.696	3.750
1427675617129	37.499658	139.921156	5	0.968	0.902	9.672	3.750
1427675617230	37.499661	139.921156	5	0.694	0.647	9.385	3.750
1427675617330	37.499665	139.921155	5	0.436	0.457	9.201	3.750
1427675617431	37.499669	139.921155	5	0.355	0.304	9.369	3.750
1427675617532	37.499673	139.921155	5	0.381	0.385	9.586	3.750
1427675617632	37.499676	139.921154	5	0.510	0.584	9.563	3.750
1427675617728	37.499680	139.921154	5	0.656	0.761	9.464	3.750
1427675617829	37.499684	139.921153	5	0.671	0.817	9.579	3.750
1427675629828	37.500073	139.921316	3	0.670	0.816	9.589	3.062
1427675634828	37.500175	139.921364	4	0.666	0.812	9.600	2.500
1427675634929	37.500177	139.921365	5	0.646	0.251	9.551	2.500
1427675635030	37.500179	139.921366	5	0.602	-0.057	9.683	2.500
1427675635130	37.500181	139.921367	5	0.614	-0.236	9.689	2.500
1427675635231	37.500183	139.921367	5	0.586	-0.335	9.696	2.500
1427675635332	37.500185	139.921368	5	0.500	-0.254	9.655	2.500
1427675635428	37.500187	139.921369	5	0.420	-0.165	9.584	2.500
1427675635528	37.500189	139.921370	5	0.259	-0.044	9.639	2.500
1427675635629	37.500191	139.921371	5	0.216	-0.037	9.461	2.500
1427675635730	37.500193	139.921371	5	0.149	-0.074	9.486	2.500
1427675635830	37.500195	139.921372	5	0.141	-0.043	9.616	2.500
1427675635931	37.500197	139.921373	6	0.137	-0.063	9.646	2.494
1427675636032	37.500198	139.921374	6	0.113	0.005	9.646	2.438
1427675636128	37.500200	139.921375	6	0.183	-0.063	9.506	2.387
1427675636228	37.500201	139.921376	6	0.173	-0.000	9.624	2.334
1427675636329	37.500202	139.921376	6	0.220	-0.027	9.534	2.282
1427675636430	37.500203	139.921377	6	0.166	0.004	9.679	2.231
1427675636530	37.500205	139.921378	6	0.175	-0.022	9.560	2.182
1427675636631	37.500206	139.921379	6	0.188	-0.128	9.483	2.133
1427675636732	37.500207	139.921380	6	0.151	-0.099	9.629	2.086
1427675636832	37.500208	139.921380	6	0.175	-0.047	9.679	2.040
1427675636928	37.500209	139.921381	6	0.242	-0.070	9.521	1.985
1427675637029	37.500209	139.921381	6	0.205	-0.040	9.584	1.809
1427675637130	37.500210	139.921382	6	0.175	0.003	9.650	1.643
1427675637230	37.500210	139.921382	6	0.201	-0.083	9.543	1.491
1427675637331	37.500211	139.921383	6	0.147	-0.084	9.629	1.349
1427675637432	37.500211	139.921383	6	0.163	-0.079	9.546	1.218
1427675637533	37.500211	139.921383	6	0.164	-0.065	9.573	1.099
1427675637628	37.500211	139.921383	6	0.151	-0.016	9.657	0.998
1427675637729	37.500212	139.921384	6	0.199	-0.012	9.569	0.901
1427675637830	37.500212	139.921384	6	0.167	-0.025	9.627	0.816
1427675637930	37.500212	139.921384	4	0.151	-0.003	9.653	0.743
1427675638031	37.500212	139.921384	4	0.187	-0.075	9.509	0.670
1427675638132	37.500212	139.921384	4	0.141	-0.085	9.591	0.602
1427675638232	37.500212	139.921384	4	0.147	-0.047	9.642	0.540
1427675638328	37.500211	139.921383	4	0.200	-0.084	9.515	0.486
1427675638429	37.500211	139.921383	4	0.128	-0.008	9.621	0.433
1427675638529	37.500211	139.921383	4	0.074	0.065	9.627	0.386
1427675638630	37.500211	139.921383	4	0.007	0.100	9.594	0.344
1427675638731	37.500211	139.921383	4	-0.058	0.170	9.575	0.306
1427675663827	37.500322	139.921530	8	-0.028	0.138	9.464	3.000
1427675663832	37.500322	139.921530	8	-0.027	0.145	9.473	3.000
1427675663928	37.500322	139.921533	8	0.187	0.247	9.544	3.000
1427675664029	37.500321	139.921537	8	0.311	0.230	9.580	3.000
1427675664129	37.500320	139.921541	8	0.236	0.098	9.480	3.000
1427675664230	37.500319	139.921545	8	0.016	-0.010	9.359	3.000
1427675664331	37.500318	139.921549	8	-0.202	0.018	9.431	3.000
1427675664431	37.500317	139.921552	8	-0.160	-0.004	9.823	3.000
1427675664532	37.500316	139.921556	8	-0.183	0.040	9.758	3.000
1427675664628	37.500315	139.921560	8	-0.262	0.101	9.436	3.000
1427675664728	37.500314	139.921564	8	-0.279	0.293	9.472	3.000
1427675664829	37.500313	139.921568	8	-0.202	0.487	9.595	3.000
1427675681829	37.500038	139.922320	6	-0.200	0.500	9.606	4.000
1427675681930	37.500036	139.922323	6	-0.018	0.417	9.764	3.997
1427675682030	37.500034	139.922326	6	0.128	0.303	9.638	3.972
1427675682131	37.500032	139.922329	6	0.157	0.245	9.485	3.946
1427675682232	37.500030	139.922332	6	0.138	0.240	9.563	3.920
1427675682332	37.500028	139.922334	6	0.156	0.252	9.661	3.895
1427675682428	37.500027	139.922337	6	0.171	0.254	9.667	3.871
1427675682529	37.500025	139.922340	6	0.187	0.214	9.547	3.846
1427675682629	37.500023	139.922342	6	0.168	0.118	9.588	3.821
1427675682730	37.500021	139.922345	6	0.088	0.060	9.697	3.796
1427675688828	37.500005	139.922452	4	0.012	0.033	9.624	0.818
1427675688929	37.500005	139.922452	5	0.250	-0.109	9.425	0.743
1427675689029	37.500006	139.922452	5	0.397	-0.119	9.557	0.671
1427675689130	37.500006	139.922453	5	0.516	-0.094	9.540	0.604
1427675689231	37.500007	139.922453	5	0.534	-0.105	9.594	0.541
1427675689331	37.500008	139.922454	5	0.532	-0.088	9.596	0.484
1427675689432	37.500008	139.922454	5	0.567	-0.149	9.475	0.432
1427675689528	37.500009	139.922454	5	0.448	-0.068	9.675	0.386
1427675689629	37.500009	139.922454	5	0.275	0.148	9.776	0.344
1427675689729	37.500009	139.922455	5	0.134	0.287	9.563	0.307
1427675689830	37.500010	139.922455	5	-0.046	0.379	9.479	0.275
1427675689931	37.500010	139.922455	5	-0.096	0.447	9.360	0.245
1427675690031	37.500013	139.922457	5	-0.107	0.436	9.521	0.198
1427675690132	37.500015	139.922458	5	-0.085	0.472	9.689	0.155
1427675690228	37.500017	139.922459	5	-0.018	0.384	9.606	0.120
1427675690329	37.500019	139.922460	5	-0.033	0.411	9.625	0.087
1427675690429	37.500021	139.922461	5	-0.043	0.370	9.581	0.060
1427675690530	37.500022	139.922462	5	-0.087	0.414	9.682	0.038
1427675690631	37.500023	139.922462	5	0.000	0.373	9.432	0.021
1427675690731	37.500023	139.922463	5	-0.026	0.369	9.561	0.009
1427675717827	37.499895	139.923011	4	-0.033	0.416	9.652	3.500
1427675717832	37.499895	139.923011	4	-0.031	0.413	9.646	3.500
1427675717928	37.499894	139.923015	4	0.036	0.319	9.545	3.504
1427675718028	37.499893	139.923019	4	0.043	0.280	9.234	3.551
1427675718129	37.499892	139.923024	4	0.070	0.227	9.304	3.599
1427675718230	37.499890	139.923028	4	0.067	0.232	9.604	3.648
1427675718330	37.499889	139.923032	4	0.006	0.304	9.428	3.697
1427675718431	37.499888	139.923037	4	-0.031	0.345	9.445	3.747
1427675718532	37.499887	139.923041	4	-0.059	0.342	9.782	3.798
1427675718628	37.499886	139.923046	4	-0.038	0.305	9.989	3.847
1427675718728	37.499884	139.923050	4	0.029	0.219	10.112	3.899
1427675718829	37.499883	139.923055	4	0.029	0.167	9.617	3.952
1427675718930	37.499882	139.923059	4	0.002	0.199	9.208	3.997
1427675719030	37.499881	139.923064	4	0.071	0.037	9.359	3.972
1427675719131	37.499879	139.923068	4	0.261	-0.170	9.580	3.946
1427675719232	37.499878	139.923072	4	0.243	-0.190	9.700	3.920
1427675719332	37.499877	139.923077	4	0.095	-0.097	9.720	3.895
1427675719428	37.499875	139.923081	4	0.025	-0.028	9.570	3.871
1427675719529	37.499874	139.923085	4	0.040	-0.030	9.573	3.846
1427675719629	37.499873	139.923089	4	0.161	-0.099	9.570	3.821
1427675719730	37.499871	139.923093	4	0.276	-0.145	9.595	3.796
1427675719831	37.499870	139.923097	4	0.169	-0.089	9.578	3.772
1427675719932	37.499869	139.923101	5	0.104	-0.074	9.608	3.750
1427675720032	37.499868	139.923106	5	0.120	-0.077	9.789	3.750
1427675720128	37.499867	139.923110	5	0.201	-0.048	9.625	3.750
1427675720229	37.499865	139.923114	5	0.260	0.006	9.315	3.750
1427675720329	37.499864	139.923118	5	0.245	0.040	9.430	3.750
1427675720430	37.499863	139.923122	5	0.179	0.066	9.745	3.750
1427675720531	37.499862	139.923126	5	0.162	0.007	9.667	3.750
1427675720632	37.499860	139.923130	5	0.133	-0.048	9.407	3.750
1427675720732	37.499859	139.923134	5	0.109	-0.079	9.422	3.750
1427675720828	37.499858	139.923138	5	0.134	-0.015	9.653	3.750
1427675720929	37.499857	139.923142	5	0.215	0.075	9.763	3.748
1427675721029	37.499856	139.923146	5	0.272	0.116	9.650	3.722
1427675721130	37.499854	139.923150	5	0.248	0.134	9.454	3.696
1427675721231	37.499853	139.923153	5	0.205	0.175	9.421	3.670
1427675721331	37.499852	139.923157	5	0.183	0.153	9.536	3.645
1427675721432	37.499851	139.923161	5	0.163	0.108	9.747	3.620
1427675721528	37.499850	139.923164	5	0.150	0.052	9.819	3.596
1427675721628	37.499848	139.923168	5	0.123	0.109	9.786	3.571
1427675721729	37.499847	139.923171	5	-0.022	0.276	9.507	3.546
1427675721830	37.499846	139.923175	5	-0.100	0.519	9.715	3.522
1427675763830	37.499321	139.924946	8	-0.100	0.531	9.724	3.042
1427675763931	37.499320	139.924948	8	0.078	0.334	9.622	3.000
1427675764032	37.499319	139.924951	8	0.280	0.130	9.415	3.000
1427675764132	37.499317	139.924954	8	0.344	0.016	9.605	3.000
1427675764228	37.499316	139.924957	8	0.390	-0.017	9.728	3.000
1427675764329	37.499315	139.924959	8	0.411	-0.054	9.720	3.000
1427675764429	37.499313	139.924962	8	0.397	-0.019	9.617	3.000
1427675764530	37.499312	139.924965	8	0.324	0.022	9.627	3.000
1427675764631	37.499311	139.924968	8	0.205	0.174	9.717	3.000
1427675764732	37.499309	139.924971	8	0.166	0.207	9.537	3.000
1427675764832	37.499308	139.924974	8	0.164	0.263	9.649	3.000
1427675764928	37.499307	139.924976	8	0.230	0.300	9.619	2.996
1427675765029	37.499306	139.924979	8	0.238	0.279	9.595	2.941
1427675765129	37.499305	139.924981	8	0.155	0.216	9.618	2.888
1427675765230	37.499304	139.924983	8	0.134	0.107	9.511	2.835
1427675765331	37.499303	139.924986	8	0.051	0.159	9.597	2.783
1427675765431	37.499302	139.924988	8	0.103	0.197	9.402	2.733
1427675765532	37.499301	139.924990	8	0.092	0.249	9.480	2.683
1427675765628	37.499300	139.924992	8	0.168	0.242	9.481	2.637
1427675765729	37.499299	139.924994	8	0.257	0.121	9.458	2.588
1427675765829	37.499298	139.924996	8	0.309	0.105	9.624	2.542
1427675765930	37.499297	139.924998	8	0.430	0.055	9.667	2.497
1427675766031	37.499297	139.925000	8	0.466	0.114	9.758	2.471
1427675766131	37.499296	139.925002	8	0.550	0.093	9.524	2.445
1427675766232	37.499296	139.925004	8	0.511	0.007	9.568	2.419
1427675766328	37.499295	139.925006	8	0.430	-0.077	9.600	2.395
1427675766428	37.499295	139.925007	8	0.416	-0.160	9.483	2.370
1427675766529	37.499295	139.925009	8	0.325	-0.096	9.664	2.345
1427675766630	37.499294	139.925011	8	0.277	0.032	9.678	2.320
1427675766731	37.499294	139.925013	8	0.301	0.125	9.480	2.295
1427675766831	37.499293	139.925014	8	0.254	0.252	9.537	2.271
1427675766932	37.499293	139.925016	8	0.249	0.300	9.584	2.223
1427675767028	37.499293	139.925016	8	0.262	0.190	9.575	2.016
1427675767129	37.499294	139.925015	8	0.175	0.164	9.656	1.813
1427675767229	37.499294	139.925015	8	0.165	0.123	9.545	1.626
1427675767330	37.499294	139.925015	8	0.106	0.171	9.571	1.454
1427675767431	37.499294	139.925015	8	0.166	0.243	9.500	1.296
1427675767531	37.499294	139.925015	8	0.212	0.258	9.537	1.155
1427675767628	37.499295	139.925014	8	0.204	0.327	9.645	1.033
1427675767728	37.499295	139.925014	8	0.197	0.270	9.565	0.922
1427675767828	37.499295	139.925014	8	0.105	0.246	9.645	0.825
1427675767929	37.499295	139.925014	7	0.117	0.228	9.547	0.743
1427675768030	37.499295	139.925013	7	0.110	0.201	9.556	0.671
1427675768130	37.499296	139.925013	7	0.106	0.273	9.622	0.604
1427675768231	37.499296	139.925012	7	0.174	0.259	9.501	0.541
1427675768332	37.499297	139.925011	7	0.140	0.284	9.591	0.483
1427675768428	37.499297	139.925011	7	0.158	0.277	9.565	0.434
1427675768528	37.499297	139.925010	7	0.140	0.248	9.641	0.386
1427675768629	37.499297	139.925010	7	0.104	0.271	9.651	0.344
1427675768730	37.499298	139.925010	7	0.151	0.261	9.489	0.307
1427675768830	37.499298	139.925009	7	0.090	0.287	9.591	0.275
1427675807830	37.499296	139.925082	5	0.087	0.292	9.598	2.021
1427675807930	37.499295	139.925084	5	0.057	0.189	9.385	2.000
1427675808031	37.499294	139.925086	5	-0.079	0.029	9.497	2.000
1427675808132	37.499293	139.925089	5	-0.137	-0.057	9.749	2.000
1427675808232	37.499293	139.925091	5	-0.121	-0.170	9.610	2.000
1427675808328	37.499292	139.925093	5	-0.188	-0.205	9.549	2.000
1427675808429	37.499291	139.925095	5	-0.253	-0.230	9.488	2.000
1427675808529	37.499290	139.925097	5	-0.208	-0.313	9.450	2.000
1427675808630	37.499289	139.925100	5	-0.203	-0.327	9.619	2.000
1427675808731	37.499289	139.925102	5	-0.198	-0.327	9.705	2.000
1427675808832	37.499288	139.925104	5	-0.207	-0.240	9.651	2.000
1427675808932	37.499287	139.925106	5	-0.189	-0.329	9.445	1.997
1427675809028	37.499288	139.925109	5	-0.196	-0.403	9.487	1.971
1427675809129	37.499288	139.925111	5	-0.238	-0.416	9.721	1.945
1427675809229	37.499289	139.925113	5	-0.117	-0.478	9.765	1.919
1427675809330	37.499290	139.925115	5	-0.001	-0.377	9.863	1.893
1427675809431	37.499290	139.925118	5	0.101	-0.230	9.820	1.868
1427675809532	37.499291	139.925120	5	0.102	-0.219	9.588	1.843
1427675809632	37.499291	139.925122	5	0.024	-0.299	9.332	1.819
1427675809728	37.499292	139.925124	5	-0.037	-0.229	9.332	1.795
1427675809829	37.499292	139.925126	5	-0.031	-0.103	9.475	1.771
1427675871830	37.502030	139.926332	8	-0.027	-0.094	9.482	7.272
1427675871930	37.502036	139.926334	6	0.162	0.122	9.686	7.250
1427675872031	37.502042	139.926337	6	0.373	0.226	9.997	7.250
1427675872132	37.502049	139.926340	6	0.445	0.327	10.069	7.250
1427675872232	37.502056	139.926342	6	0.457	0.270	10.116	7.250
1427675872328	37.502062	139.926345	6	0.366	0.262	9.911	7.250
1427675872429	37.502069	139.926347	6	0.266	0.280	9.261	7.250
1427675872529	37.502076	139.926350	6	0.196	0.274	8.975	7.250
1427675872630	37.502083	139.926352	6	0.181	0.312	8.992	7.250
1427675872731	37.502089	139.926355	6	0.325	0.314	9.592	7.250
1427675872832	37.502096	139.926358	6	0.472	0.246	9.942	7.250
1427675872932	37.502103	139.926360	6	0.416	0.205	10.132	7.247
1427675873028	37.502109	139.926362	6	0.364	0.106	10.024	7.223
1427675873129	37.502116	139.926363	6	0.226	0.112	9.701	7.197
1427675873229	37.502122	139.926365	6	0.056	0.119	9.164	7.172
1427675873330	37.502129	139.926367	6	0.024	0.140	8.909	7.146
1427675873431	37.502136	139.926368	6	0.092	0.113	9.225	7.121
1427675873531	37.502142	139.926370	6	0.209	0.158	9.399	7.096
1427675873632	37.502149	139.926371	6	0.342	0.223	9.616	7.071
1427675873728	37.502155	139.926373	6	0.390	0.261	9.860	7.047
1427675873829	37.502161	139.926375	6	0.364	0.279	9.820	7.022
1427675873929	37.502168	139.926376	6	0.360	0.263	9.641	7.000
1427675874030	37.502174	139.926378	6	0.360	0.265	9.600	7.000
1427675874131	37.502180	139.926381	6	0.421	0.240	9.846	7.000
1427675874231	37.502186	139.926383	6	0.428	0.264	9.977	7.000
1427675874332	37.502193	139.926385	6	0.350	0.204	9.720	7.000
1427675874428	37.502198	139.926387	6	0.282	0.235	9.415	7.000
1427675874528	37.502205	139.926389	6	0.204	0.206	9.220	7.000
1427675874629	37.502211	139.926392	6	0.111	0.179	9.387	7.000
1427675874730	37.502217	139.926394	6	0.122	0.118	9.509	7.000
1427675874831	37.502223	139.926396	6	0.122	0.087	9.700	7.000
1427675874931	37.502230	139.926398	6	0.073	-0.006	9.503	7.000
1427675875032	37.502235	139.926401	6	0.061	-0.037	9.394	7.000
1427675875128	37.502241	139.926403	6	0.080	0.000	9.665	7.000
1427675875228	37.502247	139.926406	6	0.100	-0.002	9.720	7.000
1427675875329	37.502253	139.926408	6	0.059	0.048	9.481	7.000
1427675875430	37.502259	139.926411	6	0.125	0.036	9.353	7.000
1427675875531	37.502264	139.926413	6	0.100	0.070	9.404	7.000
1427675875631	37.502270	139.926416	6	0.121	0.083	9.537	7.000
1427675875732	37.502276	139.926418	6	0.241	0.071	9.841	7.000
1427675875828	37.502282	139.926421	6	0.177	0.100	9.783	7.000
1427675875928	37.502287	139.926423	6	0.182	0.151	9.386	6.994
1427675876029	37.502293	139.926426	6	0.192	0.173	9.435	6.914
1427675876130	37.502298	139.926428	6	0.267	0.178	9.911	6.835
1427675876230	37.502303	139.926431	6	0.337	0.206	10.108	6.758
1427675876331	37.502308	139.926433	6	0.333	0.279	9.800	6.681
1427675876432	37.502313	139.926436	6	0.320	0.224	9.734	6.605
1427675876528	37.502318	139.926438	6	0.199	0.172	9.683	6.534
1427675876628	37.502323	139.926440	6	0.072	0.092	9.333	6.460
1427675876729	37.502328	139.926443	6	0.005	0.050	9.388	6.387
1427675876830	37.502333	139.926445	6	-0.024	0.016	9.400	6.314
1427675876930	37.502337	139.926447	6	0.019	-0.003	9.383	6.252
1427675877031	37.502342	139.926449	6	0.026	0.077	9.327	6.277
1427675877132	37.502347	139.926451	6	0.160	0.161	9.650	6.302
1427675877232	37.502352	139.926453	6	0.182	0.162	9.872	6.327
1427675877328	37.502357	139.926455	6	0.089	0.083	9.746	6.351
1427675877429	37.502362	139.926457	6	0.014	-0.045	9.525	6.376
1427675877530	37.502367	139.926458	6	-0.050	-0.038	9.403	6.401
1427675877630	37.502372	139.926460	6	-0.013	-0.045	9.469	6.426
1427675877731	37.502377	139.926462	6	0.051	-0.003	9.678	6.452
1427675877832	37.502383	139.926464	6	0.131	0.105	9.790	6.478
1427675877932	37.502388	139.926466	6	0.203	0.238	9.775	6.497
1427675878028	37.502393	139.926470	6	0.285	0.267	9.816	6.473
1427675878129	37.502399	139.926474	6	0.236	0.218	9.853	6.447
1427675878230	37.502405	139.926478	6	0.188	0.122	9.751	6.421
1427675878330	37.502411	139.926482	6	0.126	0.081	9.773	6.396
1427675878431	37.502416	139.926486	6	0.064	0.076	9.656	6.371
1427675878532	37.502422	139.926490	6	-0.018	0.038	9.385	6.346
1427675878632	37.502428	139.926494	6	-0.088	0.024	9.254	6.321
1427675878728	37.502433	139.926498	6	-0.069	-0.051	9.589	6.297
1427675878829	37.502439	139.926502	6	-0.173	-0.197	9.593	6.272
1427675878929	37.502445	139.926505	6	-0.250	-0.214	9.303	6.250
1427675879030	37.502451	139.926506	6	-0.130	-0.158	9.506	6.250
1427675879131	37.502457	139.926508	6	-0.135	-0.149	9.723	6.250
1427675879232	37.502463	139.926509	6	-0.131	-0.118	9.407	6.250
1427675879332	37.502469	139.926510	6	-0.061	-0.103	9.362	6.250
1427675879428	37.502475	139.926511	6	-0.008	0.020	9.683	6.250
1427675879529	37.502481	139.926512	6	0.018	-0.042	9.482	6.250
1427675879629	37.502487	139.926514	6	-0.034	-0.129	9.339	6.250
1427675879730	37.502493	139.926515	6	0.037	-0.263	9.647	6.250
1427675879831	37.502500	139.926516	6	0.064	-0.297	9.803	6.250
1427675879931	37.502506	139.926517	6	0.129	-0.292	9.459	6.238
1427675880032	37.502511	139.926520	6	0.214	-0.343	9.493	6.129
1427675880128	37.502516	139.926522	6	0.294	-0.327	9.687	6.028
1427675880229	37.502522	139.926525	6	0.362	-0.326	9.638	5.922
1427675880329	37.502527	139.926527	6	0.466	-0.385	9.769	5.820
1427675880430	37.502532	139.926530	6	0.438	-0.458	9.660	5.718
1427675880531	37.502537	139.926532	6	0.467	-0.453	9.567	5.618
1427675880631	37.502542	139.926534	6	0.451	-0.463	9.454	5.521
1427675880732	37.502547	139.926537	6	0.466	-0.535	9.703	5.425
1427675880828	37.502552	139.926539	6	0.530	-0.570	9.788	5.335
1427675880928	37.502556	139.926541	5	0.314	-0.639	8.947	5.244
1427675881029	37.502560	139.926543	5	0.387	-0.540	9.238	5.163
1427675881130	37.502564	139.926545	5	0.579	-0.511	10.016	5.083
1427675881231	37.502568	139.926547	5	0.554	-0.725	10.006	5.004
1427675881331	37.502571	139.926548	5	0.607	-0.713	10.050	4.928
1427675881432	37.502575	139.926550	5	0.649	-0.718	9.585	4.852
1427675881528	37.502579	139.926552	5	0.646	-0.731	9.456	4.780
1427675881628	37.502582	139.926553	5	0.667	-0.687	9.234	4.707
1427675881729	37.502586	139.926555	5	0.668	-0.706	9.497	4.634
1427675881830	37.502589	139.926557	5	0.690	-0.854	9.993	4.563
1427675881931	37.502592	139.926558	5	0.690	-0.988	9.958	4.500
1427675882031	37.502596	139.926560	5	0.625	-0.797	9.241	4.500
1427675882132	37.502600	139.926562	5	0.552	-0.900	8.759	4.500
1427675882228	37.502604	139.926564	5	0.651	-0.873	9.497	4.500
1427675882328	37.502608	139.926566	5	0.874	-0.852	10.082	4.500
1427675882429	37.502612	139.926568	5	0.917	-0.847	10.010	4.500
1427675882530	37.502616	139.926570	5	0.863	-0.726	9.774	4.500
1427675882630	37.502620	139.926572	5	0.887	-0.760	9.380	4.500
1427675882731	37.502624	139.926574	5	0.765	-0.707	9.211	4.500
1427675882832	37.502628	139.926576	5	0.746	-0.688	9.212	4.500
1427675882928	37.502631	139.926578	6	0.834	-0.734	9.608	4.486
1427675883028	37.502633	139.926580	6	0.912	-0.709	9.914	4.309
1427675883129	37.502636	139.926582	6	0.954	-0.797	9.807	4.137
1427675883230	37.502638	139.926584	6	0.846	-0.779	9.776	3.971
1427675883330	37.502640	139.926586	6	0.772	-0.796	9.401	3.812
1427675883431	37.502642	139.926588	6	0.641	-0.844	9.324	3.659
1427675883532	37.502644	139.926589	6	0.542	-0.796	9.330	3.511
1427675883628	37.502645	139.926591	6	0.613	-0.729	9.536	3.376
1427675883728	37.502647	139.926592	6	0.658	-0.477	9.872	3.241
1427675883829	37.502649	139.926594	6	0.724	-0.378	9.729	3.112
1427675883930	37.502650	139.926595	6	0.636	-0.312	9.662	2.980
1427675884030	37.502652	139.926596	6	0.557	-0.322	9.506	2.786
1427675884131	37.502653	139.926597	6	0.479	-0.428	9.550	2.600
1427675884232	37.502654	139.926598	6	0.426	-0.409	9.689	2.425
1427675884332	37.502655	139.926599	6	0.440	-0.426	9.628	2.261
1427675884428	37.502657	139.926600	6	0.342	-0.393	9.692	2.113
1427675884529	37.502658	139.926601	6	0.296	-0.444	9.508	1.967
1427675884629	37.502659	139.926601	6	0.213	-0.520	9.443	1.833
1427675884730	37.502659	139.926602	6	0.211	-0.428	9.330	1.708
1427675884831	37.502660	139.926603	6	0.346	-0.335	9.477	1.593
1427675884932	37.502661	139.926603	5	0.527	-0.190	9.931	1.500
1427675885032	37.502662	139.926604	5	0.670	-0.176	9.930	1.500
1427675885128	37.502663	139.926604	5	0.565	-0.178	9.731	1.500
1427675885229	37.502665	139.926605	5	0.443	-0.300	9.400	1.500
1427675885329	37.502666	139.926606	5	0.342	-0.449	9.451	1.500
1427675885430	37.502667	139.926607	5	0.355	-0.485	9.596	1.500
1427675885531	37.502668	139.926607	5	0.429	-0.507	9.631	1.500
1427675885632	37.502670	139.926608	5	0.416	-0.431	9.710	1.500
1427675885732	37.502671	139.926609	5	0.353	-0.374	9.602	1.500
1427675885828	37.502672	139.926609	5	0.169	-0.253	9.663	1.500
1427675885929	37.502673	139.926610	7	0.105	-0.201	9.487	1.491
1427675886029	37.502672	139.926610	7	0.052	-0.155	9.507	1.394
1427675886130	37.502671	139.926611	7	0.072	-0.034	9.567	1.301
1427675886231	37.502671	139.926611	7	0.100	0.034	9.623	1.213
1427675886331	37.502670	139.926611	7	0.051	0.100	9.666	1.131
1427675886432	37.502669	139.926611	7	0.038	0.016	9.485	1.054
1427675886528	37.502669	139.926611	7	-0.089	-0.018	9.555	0.984
1427675886629	37.502668	139.926612	7	-0.091	-0.050	9.518	0.917
1427675886729	37.502668	139.926612	7	-0.068	-0.049	9.599	0.855
1427675886830	37.502667	139.926612	7	0.003	0.060	9.560	0.797
1427675886931	37.502667	139.926612	7	0.049	0.082	9.522	0.750
1427675887031	37.502668	139.926612	7	0.027	0.126	9.580	0.750
1427675887132	37.502668	139.926613	7	0.027	0.025	9.566	0.750
1427675887228	37.502669	139.926613	7	-0.033	0.004	9.628	0.750
1427675887328	37.502669	139.926613	7	-0.021	-0.089	9.516	0.750
1427675887429	37.502670	139.926614	7	-0.060	-0.063	9.582	0.750
1427675887530	37.502670	139.926614	7	0.006	-0.070	9.475	0.750
1427675887631	37.502671	139.926614	7	0.007	-0.051	9.556	0.750
1427675887731	37.502671	139.926614	7	0.022	-0.021	9.620	0.750
1427675887832	37.502672	139.926615	7	0.056	-0.071	9.560	0.750
1427675887928	37.502672	139.926615	10	-0.007	-0.085	9.671	0.738
1427675888028	37.502671	139.926617	10	0.033	-0.068	9.567	0.597
1427675888129	37.502670	139.926618	10	0.053	-0.083	9.527	0.469
1427675888230	37.502669	139.926620	10	0.035	-0.058	9.637	0.357
1427675888330	37.502668	139.926621	10	0.090	-0.112	9.535	0.261
1427675888431	37.502667	139.926622	10	0.060	-0.113	9.607	0.179
1427675888532	37.502667	139.926623	10	0.083	-0.107	9.532	0.113
1427675888628	37.502667	139.926623	10	0.066	-0.118	9.555	0.064
1427675888728	37.502666	139.926624	10	0.061	-0.074	9.609	0.028
1427675888829	37.502666	139.926624	10	0.116	-0.116	9.482	0.006
1427675926826	37.504218	139.927374	5	-0.168	0.100	9.447	9.046
